
2 12812 3 4 3 12812 3 4 3 1
2 8125 1 1 0 8125 1 1 0 1
2 17499 3 4 3 17499 3 4 3 1
2 8437 2 2 1 8437 2 2 1 1
2 20311 4 4 3 20311 4 4 3 1
2 5000 2 3 2 5000 2 3 2 1
2 7812 3 3 2 7812 3 3 2 1
2 10000 2 1 0 10000 2 1 0 1
2 15000 5 4 3 15000 5 4 3 1
2 10000 2 3 2 10000 2 3 2 1
2 19998 4 6 5 19998 4 6 5 1
2 25000 4 3 2 25000 4 3 2 1
2 22499 4 5 4 22499 4 5 4 1
2 5000 2 2 1 5000 2 2 1 1
2 6562 2 5 4 6562 2 5 4 1
2 24060 5 5 4 24060 5 5 4 1
2 6875 1 1 0 6875 1 1 0 1
2 10000 2 2 1 10000 2 2 1 1
2 22812 4 3 2 22812 4 3 2 1
2 28750 4 4 3 28750 4 4 3 1
