
Unsat for hRASS
3 45552 7 3 4 45552 7 3 4 1
2 7777 2 3 2 7777 2 3 2 1
3 13331 3 1 0 13331 3 1 0 1
Unsat for hRASS
3 39627 5 2 2 33702 4 2 1 1
3 6295 2 3 4 6295 2 3 4 1
2 4444 1 1 0 4444 1 1 0 1
2 8886 3 3 2 8886 3 3 2 1
2 16296 3 3 2 16296 3 3 2 1
2 23702 4 3 2 23702 4 3 2 1
3 9998 3 1 0 9998 3 1 0 1
2 19258 4 3 2 19258 4 3 2 1
2 19629 3 3 2 19629 3 3 2 1
3 8888 2 1 0 8888 2 1 0 1
3 28515 6 3 4 23330 6 3 3 1
2 5554 3 3 2 5554 3 3 2 1
2 9259 3 2 1 9259 3 2 1 1
2 15554 2 2 1 15554 2 2 1 1
2 17776 2 2 1 17776 2 2 1 1
