
3 22303 5 3 4 22303 5 3 4 1
2 18358 3 3 2 18358 3 3 2 1
3 24449 8 4 6 24449 8 4 6 1
2 22107 3 3 2 22107 3 3 2 1
4 10468 3 1 0 10468 3 1 0 1
2 21756 4 3 2 21756 4 3 2 1
3 27967 7 4 6 27850 6 4 5 1
2 12265 3 5 4 12265 3 5 4 1
3 23437 3 1 0 23437 3 1 0 1
2 27654 5 4 3 27654 5 4 3 1
2 8124 2 3 2 8124 2 3 2 1
2 16326 5 4 3 16326 5 4 3 1
2 33748 4 3 2 33748 4 3 2 1
2 14687 2 1 0 14687 2 1 0 1
2 24216 5 4 3 24216 5 4 3 1
2 8124 2 3 2 8124 2 3 2 1
2 34099 5 4 3 34099 5 4 3 1
4 16014 3 3 6 15468 2 3 5 1
2 11249 2 3 2 11249 2 3 2 1
3 22499 4 3 4 22499 4 3 4 1
