
4 34058 8 3 6 inf 0 0 0 0
4 26400 10 3 6 23120 8 3 4 1
Unsat for hRASS
3 10078 2 1 0 10078 2 1 0 1
4 47372 17 7 18 23120 8 7 12 0
4 65193 8 5 12 24921 3 4 4 1
2 2500 2 2 1 2500 2 2 1 1
3 14607 7 4 6 14607 7 4 6 1
4 59605 14 6 15 29959 7 6 10 0
4 66984 17 7 18 29489 7 7 11 0
Unsat for hRASS
4 87063 15 6 15 30739 5 5 6 0
4 29997 6 3 6 9999 2 3 3 1
4 23984 4 3 6 19609 3 3 5 1
Unsat for hRASS
4 130344 15 6 15 77847 9 6 11 0
Unsat for hRASS
4 28630 8 3 6 28630 8 3 6 1
4 30385 8 3 6 30385 8 3 5 1
4 45000 6 3 6 30000 4 3 5 0
