
2 30232 4 4 3 30232 4 4 3 1
2 20134 5 4 3 20134 5 4 3 1
4 28475 5 5 12 19823 3 5 6 1
4 28376 6 5 12 24510 5 5 11 1
3 23364 8 6 10 23014 5 6 6 1
3 29294 4 3 4 29294 4 3 4 1
3 27047 8 6 10 19324 5 4 5 1
3 6042 4 3 4 6042 4 3 4 1
2 32195 5 6 5 32195 5 6 5 1
2 25429 5 6 5 25429 5 6 5 1
3 26131 5 3 4 26131 5 3 4 1
2 15936 2 2 1 15936 2 2 1 1
2 48610 7 7 6 48610 7 7 6 1
Unsat for hRASS
3 20914 6 3 4 10457 3 2 1 1
3 11484 2 1 0 11484 2 1 0 1
3 22566 5 4 6 13143 3 4 5 1
2 11442 5 4 3 11442 5 4 3 1
3 23329 7 7 12 14101 4 7 8 1
3 67408 8 4 6 67408 8 4 6 1
