
2 18873 6 5 4 18873 6 5 4 1
3 10134 8 5 8 10134 8 5 8 1
2 11307 6 7 6 9862 5 7 4 1
2 25320 7 7 6 25320 7 7 6 1
4 38374 10 4 9 38374 10 4 9 1
2 43170 5 5 4 43170 5 5 4 1
3 13739 7 4 6 13739 7 4 6 1
3 31892 6 4 6 27391 5 4 5 1
2 25976 5 5 4 25976 5 5 4 1
4 48784 16 7 18 inf 0 0 0 0
4 42400 8 6 15 30916 6 6 13 0
4 29350 9 4 9 inf 0 0 0 0
4 80803 14 7 18 inf 0 0 0 0
4 26267 5 4 9 26267 5 4 9 1
Unsat for hRASS
3 41618 7 5 8 31081 6 5 5 1
4 74782 16 6 15 inf 0 0 0 0
3 43024 8 5 8 43024 8 5 8 1
2 19216 4 4 3 19216 4 4 3 1
3 41422 8 4 6 41422 8 4 6 1
