
2 4640 1 1 0 4640 1 1 0 1
2 11280 2 3 2 11280 2 3 2 1
3 14800 4 2 2 14800 4 2 2 1
4 27600 4 3 6 27600 4 3 6 1
5 44000 12 3 8 44000 10 3 8 0
4 59360 10 3 6 57520 9 3 5 1
4 18960 3 3 6 18560 3 3 3 1
5 55520 13 3 8 inf 0 0 0 0
2 19280 3 3 2 19280 3 3 2 1
3 12960 2 3 4 12960 2 3 4 1
3 32720 5 4 6 26000 4 4 5 1
3 12960 2 3 4 6480 1 3 3 1
2 19360 3 3 2 19360 3 3 2 1
4 13680 7 3 6 8960 3 2 1 0
4 3120 5 3 6 3120 5 3 6 1
4 5120 4 2 3 5120 4 2 3 1
5 82720 13 3 8 inf 0 0 0 0
4 25600 5 2 3 25600 5 2 3 1
3 38160 5 3 4 inf 0 0 0 0
2 13760 4 3 2 13760 4 3 2 1
