
5 18320 5 2 4 18320 5 2 4 1
Unsat for hRASS
2 25360 4 4 3 25360 4 4 3 1
4 23040 4 3 6 11520 2 2 1 1
2 5120 2 2 1 5120 2 2 1 1
2 24320 3 2 1 24320 3 2 1 1
2 17280 3 4 3 17280 3 4 3 1
4 32400 6 2 3 32400 6 2 3 1
5 8880 7 4 12 4880 4 3 7 1
3 42320 7 3 4 32080 5 3 2 1
5 36400 5 1 0 36400 5 1 0 1
3 21920 5 3 4 inf 0 0 0 0
3 19520 3 2 2 19520 3 2 2 1
3 480 2 1 0 480 2 1 0 1
3 22000 3 2 2 22000 3 2 2 1
3 14480 6 4 6 11600 4 3 3 0
3 9840 5 3 4 9520 5 3 3 1
2 4960 1 1 0 4960 1 1 0 1
3 38560 5 2 2 38560 5 2 2 1
2 5760 1 1 0 5760 1 1 0 1
