
2 31738 5 6 5 31738 5 6 5 1
3 36672 6 4 6 27296 5 4 5 1
5 20603 7 4 12 17576 4 3 4 1
4 30450 10 4 9 48078 9 4 8 0
4 36154 7 4 9 31581 6 4 8 1
5 6386 5 2 4 6386 5 2 4 1
3 38450 8 4 6 inf 0 0 0 0
2 7961 2 1 0 7961 2 1 0 1
3 33268 10 5 8 inf 0 0 0 0
2 9627 5 4 3 9627 5 4 3 1
4 17572 6 4 9 12862 4 4 5 1
4 45137 6 4 9 45137 6 4 9 1
3 28531 8 5 8 28531 8 5 8 1
2 26839 6 7 6 26839 6 7 6 1
5 33397 8 4 12 27490 7 4 10 1
4 4273 9 5 12 2966 6 4 7 1
4 43578 8 4 9 43578 8 4 9 1
3 50672 7 4 6 50672 7 4 6 1
4 20749 7 4 9 18938 6 4 7 0
5 20626 4 2 4 20626 4 2 4 1
