
6 24349 7 2 5 18239 5 2 4 1
6 56106 8 3 10 56106 8 3 10 1
3 6200 5 4 6 6200 5 4 6 1
5 61383 9 3 8 inf 0 0 0 0
Unsat for hRASS
5 42588 8 3 8 inf 0 0 0 0
4 370 1 1 0 370 1 1 0 1
6 60090 10 2 5 inf 0 0 0 0
6 101655 16 4 15 46893 7 3 5 0
Unsat for hRASS
6 67032 16 4 15 inf 0 0 0 0
6 7592 4 2 5 7592 4 2 5 1
4 25600 4 3 6 13008 2 3 3 0
5 55272 12 3 8 inf 0 0 0 0
6 49254 10 3 10 50736 8 3 7 0
6 32170 10 4 15 9998 3 3 6 0
5 43931 7 3 8 38978 6 3 7 1
Unsat for hRASS
5 57404 12 3 8 inf 0 0 0 0
6 10000 4 3 10 5000 2 3 6 1
