
3 27156 5 2 2 27156 5 2 2 1
5 81085 13 4 12 79311 12 4 9 1
4 57525 9 3 6 57525 9 3 6 1
6 8130 4 2 5 8130 4 2 5 1
3 31331 9 4 6 30460 6 4 4 1
4 13222 5 3 6 10877 4 3 5 1
3 37743 7 4 6 37743 7 4 5 1
5 18942 4 3 8 18942 4 3 8 1
4 33138 5 3 6 30723 5 3 3 1
2 17884 2 2 1 17884 2 2 1 1
5 6272 5 2 4 inf 0 0 0 0
2 18223 4 4 3 18223 4 4 3 1
4 21755 8 5 12 26819 6 5 10 1
3 23856 4 2 2 23856 4 2 2 1
4 38977 7 4 9 38977 7 4 9 1
4 7596 7 3 6 6478 6 3 3 1
5 36069 5 2 4 36069 5 2 4 1
4 24078 6 4 9 30121 5 4 6 1
2 26749 4 6 5 26749 4 6 5 1
3 4258 2 1 0 4258 2 1 0 1
