
2 16911 4 4 3 16911 4 4 3 1
4 6411 2 2 3 6411 2 2 3 1
3 6843 3 2 2 6843 3 2 2 1
5 16278 3 1 0 16278 3 1 0 1
3 39558 5 4 6 39558 5 4 6 1
4 42265 7 3 6 32221 4 2 1 1
3 8888 2 1 0 8888 2 1 0 1
3 49812 6 3 4 49812 6 3 4 1
4 21887 4 4 9 15283 3 4 6 0
3 15714 6 3 4 13253 5 3 3 1
3 33824 5 3 4 33824 5 3 4 1
3 23269 5 4 6 14196 3 4 4 1
3 6047 5 3 4 3278 3 3 3 0
3 67285 11 5 8 44579 7 4 4 0
3 28438 4 4 6 28438 4 4 6 1
6 11997 7 4 15 3904 3 4 7 1
3 46740 8 5 8 34265 6 4 4 1
5 24034 3 1 0 24034 3 1 0 1
6 7360 12 3 10 inf 0 0 0 0
3 47182 7 5 8 44983 7 4 5 1
