
5 30814 5 3 8 30814 5 3 8 1
3 19484 6 4 6 15282 5 4 5 1
2 1800 4 5 4 1800 4 5 4 1
2 27531 5 6 5 27531 5 6 5 1
4 38865 13 5 12 39905 9 5 9 0
4 31475 7 4 9 inf 0 0 0 0
5 25471 11 4 12 22601 7 4 9 1
3 42933 8 5 8 42933 8 5 8 1
3 54055 9 7 12 50433 8 7 11 0
4 95456 14 5 12 inf 0 0 0 0
4 105838 13 5 12 91416 11 5 8 1
3 38411 7 5 8 38411 7 5 8 1
3 21842 7 6 10 16374 5 5 6 1
3 38252 9 5 8 33087 8 5 6 1
6 16922 9 3 10 15796 7 3 8 1
2 27590 6 5 4 27590 6 5 4 1
2 24097 5 4 3 24097 5 4 3 1
4 17491 0 0 0 inf 0 0 0 1
3 17051 5 4 6 17051 5 4 6 1
6 7862 4 2 5 7862 4 2 5 1
