
4 41034 0 0 0 inf 0 0 0 1
5 6037 13 5 16 2829 6 5 12 0
2 23283 6 5 4 23283 6 5 4 1
3 28770 9 6 10 25807 5 4 3 1
4 17676 6 5 12 5892 2 5 9 0
6 22230 5 5 20 36318 7 5 16 1
2 24749 5 5 4 24749 5 5 4 1
4 49640 0 0 0 inf 0 0 0 1
2 12702 5 6 5 12702 5 6 5 1
2 19124 0 0 0 inf 0 0 0 1
3 29708 0 0 0 inf 0 0 0 1
5 17524 7 3 8 17524 7 3 8 1
3 10428 7 5 8 10428 7 5 8 1
6 17500 6 3 10 17500 6 3 10 1
3 47012 8 5 8 35002 6 5 6 1
2 48526 7 6 5 48526 7 6 5 1
5 16870 8 5 16 11307 7 5 10 1
2 28029 6 5 4 28029 6 5 4 1
2 34308 0 0 0 inf 0 0 0 1
5 38407 0 0 0 inf 0 0 0 1
