5 90952 13 4 12 63408 9 4 8
4 85726 12 6 15 85726 12 6 15
6 182673 25 7 30 119895 17 7 18
6 68816 14 5 20 42812 8 5 12
6 43591 13 4 15 39435 9 4 11
6 28514 14 5 20 23712 12 5 18
5 97960 20 6 20 74946 12 5 10
5 97745 23 7 24 66730 16 7 15
6 86092 23 7 30 60851 19 7 20
3 22096 8 6 10 15511 5 6 5
Unsat for hRASS
5 149522 19 6 20 87762 11 6 15
6 170797 30 7 30 116831 22 7 20
Unsat for hRASS
6 111548 28 8 35 77777 19 8 23
3 43135 8 6 10 32094 6 5 7
6 182546 27 6 25 125062 18 6 15
6 206302 26 8 35 139736 18 8 22
Unsat for hRASS
5 127206 18 6 20 83715 11 6 13
