5 88471 14 5 16 85019 13 5 15
3 69892 8 6 10 51735 6 5 7
5 35461 7 5 16 19532 4 5 13
4 64565 11 5 12 64565 11 5 12
4 90974 13 5 12 82010 12 5 11
6 31601 11 5 20 12433 5 5 11
5 18874 6 2 4 18874 6 2 4
5 37335 7 5 16 37335 7 5 16
4 25021 9 5 12 17851 7 5 10
5 71676 12 5 16 48068 8 5 14
4 82314 11 4 9 82314 11 4 9
4 13580 11 5 12 8500 7 5 9
3 23067 11 6 10 18071 9 6 7
5 22794 9 5 16 22356 8 5 6
4 16356 8 5 12 16356 8 5 12
6 22516 11 4 15 20472 11 4 11
4 96518 15 8 21 99981 16 8 15
6 52072 12 6 25 13018 3 5 18
3 44834 10 7 12 36066 9 7 9
3 47554 11 6 10 39275 10 6 9
