4 66944 10 4 9 54944 8 3 4
2 2272 1 1 0 2272 1 1 0
4 22736 7 4 9 22736 7 4 9
5 20368 10 4 12 20368 10 4 12
4 60144 13 5 12 49120 9 4 7
4 43632 8 4 9 38256 7 4 6
3 23568 7 4 6 23568 7 4 6
5 29040 9 4 12 18960 5 4 9
2 25920 4 4 3 25920 4 4 3
4 46080 9 4 9 43008 6 4 6
5 27552 4 3 8 27552 4 3 8
4 7264 8 4 9 7264 8 4 9
3 22800 5 2 2 18816 4 2 1
4 47952 10 3 6 47952 10 3 6
5 19184 5 2 4 14544 3 2 3
4 18944 7 3 6 18944 7 3 6
5 30496 5 2 4 30496 5 2 4
3 7776 2 1 0 7776 2 1 0
3 20976 5 2 2 20976 5 2 2
Unsat for hRASS
