3 832 2 2 2 832 2 2 2
3 46618 5 2 2 46618 5 2 2
4 26340 5 3 6 22266 4 3 5
3 38328 8 5 8 25506 5 3 2
5 32450 10 4 12 26571 8 3 5
4 15182 9 3 6 13516 7 3 5
5 25971 10 3 8 15740 7 3 7
4 45601 6 3 6 45601 6 3 6
5 7406 3 1 0 7406 3 1 0
3 8332 3 2 2 8332 3 2 2
2 7592 2 2 1 7592 2 2 1
6 31757 5 3 10 31663 5 3 9
6 83931 16 4 15 81247 13 4 13
2 555 1 1 0 555 1 1 0
6 79166 11 2 5 73333 10 2 4
3 29907 7 5 8 19722 4 4 3
2 1203 1 1 0 1203 1 1 0
4 13703 3 3 6 7406 2 2 1
3 11292 6 3 4 11292 6 3 4
Unsat for hRASS
