Unsat for hRASS
5 65546 11 4 12 58756 10 4 10
6 20669 5 3 10 14419 4 3 9
3 20210 8 5 8 11169 5 4 4
Unsat for hRASS
5 11482 8 4 12 11482 8 4 12
6 74883 11 4 15 58357 9 4 12
3 55965 9 5 8 51768 8 5 7
4 65857 8 5 12 44008 5 5 7
6 117260 26 7 30 94430 18 7 16
3 4820 7 4 6 4820 7 4 6
6 75056 17 6 25 57133 13 6 14
5 3732 3 2 4 3732 3 2 4
6 63132 24 5 20 36827 14 5 10
6 109206 18 5 20 85049 16 4 13
4 19846 11 5 12 15565 9 5 8
5 67331 13 4 12 26903 5 3 4
6 15914 9 4 15 15914 9 4 15
5 66770 11 4 12 39380 6 4 7
5 29305 13 5 16 20465 9 5 10
