6 81290 19 5 20 73699 13 5 15
2 33238 4 4 3 33238 4 4 3
3 23847 8 5 8 18709 6 4 5
3 10948 3 4 6 10948 3 4 6
6 44421 9 4 15 31958 6 4 4
3 22380 8 5 8 22380 8 5 8
5 26996 8 2 4 26996 8 2 4
3 43284 8 4 6 43284 8 4 6
5 43902 8 2 4 36680 6 2 2
4 43562 7 4 9 42783 7 4 8
3 13254 6 4 6 13254 6 4 6
Unsat for hRASS
6 14888 8 2 5 14888 8 2 5
5 16432 9 4 12 13316 6 4 6
4 45986 10 4 9 37059 7 4 6
3 31804 6 4 6 27753 6 4 5
5 29458 4 2 4 29458 4 2 2
5 10955 2 1 0 10955 2 1 0
6 24934 6 2 5 24472 5 2 4
4 38047 11 5 12 35182 6 5 6
