4 41034 0 0 0 inf 0 0 0
5 6037 13 5 16 2829 6 5 12
2 23283 6 5 4 23283 6 5 4
3 28770 9 6 10 33264 5 5 4
4 17676 6 5 12 5892 2 5 9
6 22230 5 5 20 37340 9 5 12
2 24749 5 5 4 24749 5 5 4
4 49640 0 0 0 inf 0 0 0
2 12702 5 6 5 12702 5 6 5
2 19124 0 0 0 inf 0 0 0
3 29708 0 0 0 inf 0 0 0
5 17524 7 3 8 17524 7 3 6
3 10428 7 5 8 10428 7 5 7
6 17500 6 3 10 17500 6 3 10
3 47012 8 5 8 35002 6 5 6
2 48526 7 6 5 48526 7 6 5
5 16870 8 5 16 9694 6 5 10
2 28029 6 5 4 28029 6 5 4
2 34308 0 0 0 inf 0 0 0
2 34308 0 0 0 inf 0 0 0
