
2 11875 3 4 3 11875 3 4 3
2 19375 3 2 1 19375 3 2 1
2 6875 2 2 1 6875 2 2 1
2 13125 3 2 1 13125 3 2 1
2 21875 3 2 1 21875 3 2 1
2 16250 3 3 2 16250 3 3 2
2 2500 1 1 0 2500 1 1 0
2 15625 3 2 1 15625 3 2 1
2 6875 3 2 1 6875 3 2 1
2 5625 2 2 1 5625 2 2 1
2 18125 3 4 3 18125 3 4 3
2 12500 3 3 2 12500 3 3 2
2 1250 1 1 0 1250 1 1 0
2 10000 2 1 0 10000 2 1 0
2 2500 1 2 1 2500 1 2 1
2 12500 2 1 0 12500 2 1 0
2 2500 1 1 0 2500 1 1 0
2 11875 2 2 1 11875 2 2 1
2 2500 1 1 0 2500 1 1 0
2 6250 1 1 0 6250 1 1 0
