
2 30310 5 4 3 inf 0 0 0 0
2 2500 1 1 0 2500 1 1 0 1
2 10000 2 3 2 10000 2 3 2 1
2 38750 5 4 3 38750 5 4 3 1
Unsat for hRASS
2 8125 1 1 0 8125 1 1 0 1
2 9062 2 4 3 9062 2 4 3 1
2 3437 2 3 2 3437 2 3 2 1
2 13749 3 4 3 13749 3 4 3 1
2 8750 1 1 0 8750 1 1 0 1
2 20000 3 4 3 20000 3 4 3 1
2 24686 3 2 1 24686 3 2 1 1
2 5936 3 2 1 5936 3 2 1 1
2 5000 2 3 2 5000 2 3 2 1
2 12500 2 2 1 12500 2 2 1 1
2 19998 4 6 5 19998 4 6 5 1
2 9062 2 2 1 9062 2 2 1 1
2 6562 2 2 1 6562 2 2 1 1
2 6250 1 2 1 6250 1 2 1 1
2 5000 2 3 2 5000 2 3 2 1
