
3 15554 3 2 2 15554 3 2 2 1
Unsat for hRASS
3 11850 2 1 0 11850 2 1 0 1
3 17777 2 1 0 17777 2 1 0 1
2 35678 5 4 3 35678 5 4 3 1
2 22591 4 5 4 22591 4 5 4 1
2 4195 3 2 1 4195 3 2 1 1
3 26541 4 4 6 26541 4 4 6 1
2 28022 4 4 3 28022 4 4 3 1
3 8147 2 1 0 8147 2 1 0 1
Unsat for hRASS
3 37651 5 5 8 34811 5 5 7 1
3 12465 5 5 8 7158 3 5 7 1
3 52958 7 4 6 52958 7 4 5 1
2 12468 2 2 1 12468 2 2 1 1
3 24443 5 4 6 23579 4 3 3 1
2 11233 3 3 2 11233 3 3 2 1
3 3702 3 1 0 3702 3 1 0 1
3 2962 1 1 0 2962 1 1 0 1
3 8147 2 3 4 8147 2 3 4 1
