
2 25142 3 5 4 25142 3 5 4 1
3 31315 7 3 4 31315 7 3 4 1
3 34648 5 3 4 31644 5 3 2 0
3 18063 5 6 10 10451 3 5 6 1
2 18722 3 4 3 18722 3 4 3 1
3 2345 1 1 0 2345 1 1 0 1
2 22262 3 3 2 22262 3 3 2 1
3 13085 3 4 6 13085 3 4 6 1
3 21931 5 5 8 21931 5 5 8 1
3 13331 9 4 6 inf 0 0 0 0
2 50121 6 7 6 42385 5 7 4 1
3 32795 5 4 6 32795 5 4 5 1
2 12302 5 6 5 12302 5 6 5 1
2 14606 4 5 4 14606 4 5 4 1
2 29011 5 4 3 29011 5 4 3 1
2 23083 4 5 4 23083 4 5 4 1
3 36496 9 4 6 36085 8 4 5 1
2 26746 6 6 5 26746 6 6 5 1
2 17611 4 4 3 17611 4 4 3 1
3 20369 5 4 6 20369 5 4 6 1
