
2 12632 4 3 2 12632 4 3 2 1
2 13084 4 4 3 13084 4 4 3 1
3 27735 3 2 2 23702 3 2 1 1
2 29669 4 4 3 29669 4 4 3 1
2 3786 1 2 1 3786 1 2 1 1
3 18103 6 4 6 18103 6 4 6 1
3 18764 2 1 0 18764 2 1 0 1
3 20657 4 2 2 13127 2 2 1 1
2 17612 3 3 2 17612 3 3 2 1
3 8887 3 3 4 8887 3 3 4 1
2 30740 4 4 3 30740 4 4 3 1
3 18475 5 2 2 18475 5 2 2 1
3 11439 4 3 4 11151 3 3 3 1
2 26994 4 4 3 26994 4 4 3 1
2 9053 2 1 0 9053 2 1 0 1
2 6049 3 5 4 6049 3 5 4 1
2 5471 3 3 2 5471 3 3 2 1
3 11973 6 3 4 11973 6 3 4 1
2 7242 1 4 3 7242 1 4 3 1
3 2962 4 2 2 2962 4 2 2 1
