
3 21973 4 3 4 21973 4 3 4 1
2 26953 4 5 4 26953 4 5 4 1
2 14689 3 4 3 14689 3 4 3 1
3 20038 4 2 2 20038 4 2 2 1
2 15595 5 5 4 15595 5 5 4 1
2 6705 3 3 2 6705 3 3 2 1
2 26789 6 5 4 26789 6 5 4 1
3 12959 8 5 8 12137 6 4 5 0
2 36870 6 6 5 36870 6 6 5 1
2 25801 3 3 2 25801 3 3 2 1
3 11561 5 4 6 6953 3 4 4 1
2 20244 4 4 3 20244 4 4 3 1
2 13909 2 1 0 13909 2 1 0 1
Unsat for hRASS
3 9298 4 4 6 9298 4 4 6 1
2 26171 3 3 2 26171 3 3 2 1
3 20862 4 4 6 17159 3 4 5 1
3 21315 3 2 2 15143 2 2 1 1
3 11851 2 1 0 11851 2 1 0 1
2 10657 3 2 1 10657 3 2 1 1
