
3 18279 4 2 2 18279 4 2 2
3 7968 3 1 0 7968 3 1 0
3 16562 4 3 4 15156 3 3 3
3 19998 6 3 4 19998 6 3 4
3 8904 3 1 0 8904 3 1 0
2 13280 4 4 3 13280 4 4 3
2 10937 2 2 1 10937 2 2 1
3 19841 4 2 2 19841 4 2 2
3 27186 5 2 2 23436 4 2 1
2 10937 2 1 0 10937 2 1 0
4 11875 2 1 0 11875 2 1 0
3 49529 7 3 4 37186 5 3 2
3 42498 7 3 4 41248 6 3 3
3 9375 1 1 0 9375 1 1 0
2 2500 2 2 1 2500 2 2 1
3 15624 4 3 4 12655 3 3 2
2 8592 3 3 2 8592 3 3 2
2 9062 2 1 0 9062 2 1 0
2 11718 3 2 1 11718 3 2 1
2 12812 2 1 0 12812 2 1 0
