
4 10816 7 4 9 7302 5 4 6 1
2 1874 2 1 0 1874 2 1 0 1
2 10390 2 1 0 10390 2 1 0 1
2 10429 2 2 1 10429 2 2 1 1
4 7734 3 3 6 7265 4 3 4 1
4 8554 3 3 6 4999 2 3 4 1
3 8905 3 2 2 8905 3 2 2 1
3 18554 3 2 2 18554 3 2 2 1
3 9491 3 2 2 9491 3 2 2 1
3 25348 8 5 8 25114 7 5 7 1
Unsat for hRASS
3 49216 6 3 4 49216 6 3 4 1
3 19218 4 3 4 17109 3 3 3 1
2 10780 3 2 1 10780 3 2 1 1
2 8787 3 4 3 8787 3 4 3 1
3 14450 6 3 4 14450 6 3 4 1
4 20858 6 3 6 18358 4 3 4 1
2 19723 5 4 3 19723 5 4 3 1
3 18044 5 2 2 inf 0 0 0 0
3 67378 8 4 6 57457 7 4 4 1
