
3 12682 5 4 6 11218 4 4 3 1
2 19245 4 4 3 19245 4 4 3 1
2 40029 6 5 4 40029 6 5 4 1
2 26326 4 3 2 26326 4 3 2 1
4 50392 12 4 9 50392 12 4 9 1
3 16346 4 5 8 16346 4 5 8 1
3 18748 4 4 6 14442 3 4 5 1
2 34392 6 6 5 34392 6 6 5 1
4 8901 13 5 12 14890 6 4 6 0
2 27165 6 6 5 27165 6 6 5 1
2 12440 4 5 4 12440 4 5 4 1
2 27606 5 5 4 27606 5 5 4 1
2 21366 4 3 2 21366 4 3 2 1
2 44021 6 6 5 44021 6 6 5 1
2 27780 5 4 3 27780 5 4 3 1
3 29557 7 4 6 29557 7 4 5 1
2 23260 4 5 4 23260 4 5 4 1
3 18212 3 3 4 15457 4 3 3 1
2 25926 5 6 5 25926 5 6 5 1
2 11561 3 3 2 11561 3 3 2 1
