
2 18873 6 5 4 18873 6 5 4
3 13806 5 4 6 13806 5 4 6
2 11307 6 7 6 9862 5 7 4
2 25320 7 7 6 25320 7 7 6
4 38374 10 4 9 38374 10 4 7
2 43170 5 5 4 43170 5 5 4
3 13739 7 4 6 13739 7 4 6
3 31892 6 4 6 27391 5 4 5
3 36718 5 5 8 27226 4 5 6
4 48784 16 7 18 66548 12 7 13
4 42400 8 6 15 30916 6 6 13
4 29350 9 4 9 29350 9 4 5
4 115460 16 6 15 83011 12 6 10
3 35584 7 6 10 21874 4 6 7
Unsat for hRASS
3 63176 14 8 14 31081 6 5 5
4 74782 16 6 15 64968 12 6 9
3 43844 9 6 10 35036 8 6 9
2 19216 4 4 3 19216 4 4 3
3 41422 8 4 6 41422 8 4 6
