
3 42560 5 2 2 inf 0 0 0 0
2 12000 3 2 1 12000 3 2 1 1
3 35760 7 3 4 32800 6 3 3 1
2 31360 4 3 2 31360 4 3 2 1
3 35280 5 2 2 31680 4 2 1 1
2 1920 1 3 2 1920 1 3 2 1
3 12240 4 3 4 10080 3 3 3 0
3 41280 5 2 2 41280 5 2 2 1
4 57280 9 3 6 62800 10 3 6 0
3 36160 5 2 2 36160 5 2 2 1
3 18560 5 2 2 18560 5 2 2 1
5 10000 5 2 4 10000 5 2 4 1
2 1440 1 1 0 1440 1 1 0 1
3 12000 3 1 0 12000 3 1 0 1
3 7440 3 1 0 7440 3 1 0 1
2 16400 3 2 1 16400 3 2 1 1
4 9360 5 2 3 7680 2 2 1 1
2 13840 3 3 2 13840 3 3 2 1
3 31440 7 3 4 31440 7 3 4 1
2 29840 4 3 2 29840 4 3 2 1
