
4 66944 10 4 9 54944 8 3 4
2 2272 1 1 0 2272 1 1 0
4 22736 7 4 9 22736 7 4 9
4 24000 8 5 12 16864 5 4 6
4 60144 13 5 12 49120 9 4 7
4 43632 8 4 9 38256 7 4 5
3 23568 7 4 6 23568 7 4 6
5 29040 9 4 12 18960 5 4 9
2 25920 4 4 3 25920 4 4 3
4 46080 9 4 9 43008 6 4 6
5 28704 4 2 4 28704 4 2 4
5 23760 6 3 8 15840 4 3 7
3 22800 5 2 2 18816 4 2 1
Unsat for hRASS
5 19184 5 2 4 14544 3 2 3
4 18944 7 4 9 12944 6 4 8
5 30496 5 2 4 30496 5 2 4
3 7776 2 1 0 7776 2 1 0
3 20976 5 2 2 20976 5 2 2
Unsat for hRASS
