
2 16544 4 5 4 16544 4 5 4
3 16128 5 4 6 16128 5 4 6
Unsat for hRASS
2 16704 2 3 2 16704 2 3 2
2 6656 3 4 3 6656 3 4 3
2 5488 3 4 3 5488 3 4 3
2 10400 2 2 1 10400 2 2 1
2 26496 5 5 4 26496 5 5 4
2 15376 4 4 3 15376 4 4 3
2 11840 4 3 2 11840 4 3 2
2 13520 5 4 3 13520 5 4 3
5 18080 4 1 0 18080 4 1 0
2 27264 5 0 -1 inf 0 0 0
2 11248 4 4 3 11248 4 4 3
4 84160 13 4 9 84160 13 4 9
4 22720 8 4 9 20208 5 3 4
2 10304 4 3 2 10304 4 3 2
3 24928 5 4 6 24928 5 4 6
3 20992 4 2 2 16624 3 2 1
3 22528 5 5 8 21632 4 4 4
