
2 31738 5 6 5 31738 5 6 5
3 36672 6 4 6 27296 5 4 5
5 20603 7 4 12 20603 7 4 12
3 30790 10 5 8 27812 8 5 7
4 36154 7 4 9 31581 6 4 8
5 6386 5 2 4 6386 5 2 4
3 38450 8 4 6 38450 8 4 6
2 7961 2 1 0 7961 2 1 0
3 33268 10 5 8 33268 10 5 8
2 9627 5 4 3 9627 5 4 3
4 17572 6 4 9 12862 4 4 5
3 49748 8 7 12 61114 8 7 11
3 28531 8 5 8 28531 8 5 8
2 26839 6 7 6 26839 6 7 6
5 33397 8 4 12 27490 7 4 10
3 20486 7 6 10 20486 7 6 10
4 43578 8 4 9 43578 8 4 9
3 50672 7 4 6 50672 7 4 6
4 20749 7 4 9 18938 6 4 7
5 20626 4 2 4 20626 4 2 4
