
4 119700 0 0 0 inf 0 0 0 1
4 32170 9 5 12 37818 9 5 9 1
2 19471 6 5 4 19471 6 5 4 1
2 22621 6 7 6 22621 6 7 6 1
4 9086 6 3 6 12024 3 3 6 0
3 47070 8 5 8 47070 8 5 8 1
3 42960 8 4 6 42960 8 4 6 1
3 21472 6 5 8 21472 6 5 8 1
3 23278 8 5 8 25460 7 4 6 0
2 9844 5 5 4 9844 5 5 4 1
2 27058 4 4 3 27058 4 4 3 1
2 19214 6 6 5 19214 6 6 5 1
2 39496 6 5 4 39496 6 5 4 1
4 22508 7 3 6 22508 7 3 6 1
4 37682 7 4 9 23313 4 4 7 1
3 15378 6 4 6 10252 4 3 3 1
4 14575 6 3 6 23877 8 3 6 0
3 18991 5 2 2 18991 5 2 2 1
5 28736 6 2 4 28736 6 2 4 1
3 48047 8 5 8 48047 8 5 8 1
