
3 43445 5 3 4 43445 5 3 4 1
4 26074 6 5 12 17678 4 5 9 1
2 21524 5 6 5 21524 5 6 5 1
4 36709 7 5 12 28554 7 4 6 0
4 44859 8 5 12 38895 7 5 8 1
3 38648 8 5 8 33070 8 5 7 0
3 19467 6 3 4 inf 0 0 0 0
4 34364 10 5 12 41602 8 5 8 0
3 68985 10 5 8 68985 10 5 8 1
3 51214 10 5 8 51214 10 5 8 1
2 39543 6 8 7 32529 5 8 5 1
5 34846 8 5 16 42513 8 5 10 1
4 27366 11 5 12 26550 7 5 7 0
4 65291 8 5 12 56229 7 5 11 1
3 41712 8 6 10 27547 5 5 6 0
3 68016 11 6 10 54327 9 6 7 1
3 65399 11 6 10 42867 7 6 6 0
2 2148 3 4 3 2148 3 4 3 1
3 48421 7 4 6 inf 0 0 0 0
5 36885 11 6 20 17297 5 5 12 0
