
2 2777 2 1 0 2777 2 1 0
3 20508 4 2 2 18610 3 2 1
3 16388 3 1 0 16388 3 1 0
5 36110 5 1 0 36110 5 1 0
2 7591 3 3 2 7591 3 3 2
3 20970 3 2 2 20970 3 2 2
2 3703 1 1 0 3703 1 1 0
2 25692 4 4 3 25692 4 4 3
Unsat for hRASS
4 2592 1 1 0 2592 1 1 0
2 16295 3 2 1 16295 3 2 1
2 19119 4 3 2 19119 4 3 2
5 24488 10 4 12 24488 10 4 10
5 5230 7 2 4 2684 5 2 3
2 9074 1 1 0 9074 1 1 0
2 15692 4 5 4 15692 4 5 4
4 29395 7 3 6 29395 7 3 6
3 27498 4 2 2 27498 4 2 2
3 11434 3 2 2 11434 3 2 1
3 24952 6 3 4 24952 6 3 4
