
3 832 2 2 2 832 2 2 2 1
3 46618 5 2 2 46618 5 2 2 1
4 26340 5 3 6 22266 4 3 5 1
3 38328 8 5 8 25506 5 3 2 0
5 32450 10 4 12 26571 8 3 5 0
4 15182 9 3 6 13516 7 3 5 1
5 25971 10 3 8 23518 5 3 7 0
4 45601 6 3 6 45601 6 3 6 1
5 7406 3 1 0 7406 3 1 0 1
3 8332 3 2 2 8332 3 2 2 1
2 7592 2 2 1 7592 2 2 1 1
6 31757 5 3 10 31663 5 3 9 1
6 83931 16 4 15 81247 13 4 13 1
2 555 1 1 0 555 1 1 0 1
6 79166 11 2 5 inf 0 0 0 0
3 29907 7 5 8 19722 4 4 3 1
2 1203 1 1 0 1203 1 1 0 1
4 13703 3 3 6 7406 2 2 1 1
3 11292 6 3 4 11292 6 3 4 1
Unsat for hRASS
