
2 24997 4 3 2 24997 4 3 2 1
3 14628 3 2 2 14628 3 2 2 1
3 8561 6 3 4 8561 6 3 4 1
3 9026 3 1 0 9026 3 1 0 1
3 19953 3 2 2 19953 3 2 2 1
2 10925 2 1 0 10925 2 1 0 1
3 14397 4 2 2 19118 4 2 2 0
3 33008 5 3 4 28239 4 3 3 1
5 21156 4 2 4 21156 4 2 4 1
3 60831 9 4 6 inf 0 0 0 0
3 5000 4 2 2 5000 4 2 2 1
3 16201 4 2 2 15832 2 2 1 1
4 49393 10 3 6 49393 10 3 6 1
2 17406 4 3 2 17406 4 3 2 1
2 14675 2 2 1 14675 2 2 1 1
3 14443 3 1 0 14443 3 1 0 1
3 18054 3 1 0 18054 3 1 0 1
2 9443 3 2 1 9443 3 2 1 1
3 9582 3 1 0 9582 3 1 0 1
3 25183 4 3 4 25183 4 3 4 1
