
3 30582 8 4 6 30582 8 4 6
5 81085 13 4 12 79311 12 4 9
4 57525 9 3 6 57525 9 3 6
6 8130 4 2 5 8130 4 2 5
3 31331 9 4 6 30460 6 4 4
4 13222 5 3 6 10877 4 3 5
3 37743 7 4 6 37743 7 4 5
5 18942 4 3 8 18942 4 3 8
4 33138 5 3 6 30723 5 3 3
2 17884 2 2 1 17884 2 2 1
5 23155 6 3 8 23155 6 3 8
2 18223 4 4 3 18223 4 4 3
4 24765 5 3 6 18809 4 3 4
3 23856 4 2 2 23856 4 2 2
4 38977 7 4 9 38977 7 4 9
4 7596 7 3 6 6478 6 3 3
5 36069 5 2 4 36069 5 2 4
4 24078 6 4 9 22227 5 4 5
2 26749 4 6 5 26749 4 6 5
3 4258 2 1 0 4258 2 1 0
