
6 81290 19 5 20 64995 11 5 11 0
2 33238 4 4 3 33238 4 4 3 1
3 23847 8 5 8 22034 6 4 5 0
3 10948 3 4 6 10948 3 4 6 1
6 44421 9 4 15 31958 6 4 4 1
3 22380 8 5 8 22380 8 5 8 1
5 26996 8 2 4 26996 8 2 4 1
3 43284 8 4 6 inf 0 0 0 0
5 43902 8 2 4 inf 0 0 0 0
4 43562 7 4 9 42783 7 4 8 1
3 13254 6 4 6 13254 6 3 3 1
Unsat for hRASS
6 14888 8 2 5 inf 0 0 0 0
5 16432 9 4 12 inf 0 0 0 0
4 45986 10 4 9 37059 7 4 6 1
3 31804 6 4 6 27753 6 4 5 1
5 29458 4 2 4 29458 4 2 2 1
5 10955 2 1 0 10955 2 1 0 1
6 24934 6 2 5 24472 5 2 4 1
4 38047 11 5 12 35182 6 5 6 1
