
Unsat for hRASS
5 65546 11 4 12 58756 10 4 10 1
6 20669 5 3 10 14419 4 3 9 1
3 20210 8 5 8 inf 0 0 0 0
Unsat for hRASS
5 11482 8 4 12 11482 8 4 10 1
6 74883 11 4 15 58357 9 4 14 0
3 55965 9 5 8 inf 0 0 0 0
4 65857 8 5 12 44008 5 5 7 0
6 117260 26 7 30 inf 0 0 0 0
3 4820 7 4 6 4820 7 4 6 1
6 75056 17 6 25 42574 10 6 16 0
5 3732 3 2 4 3732 3 2 4 1
6 63132 24 5 20 36627 13 5 9 0
6 109206 18 5 20 inf 0 0 0 0
4 19846 11 5 12 15565 9 5 8 1
5 67331 13 4 12 26903 5 3 4 0
6 15914 9 4 15 inf 0 0 0 0
5 66770 11 4 12 inf 0 0 0 0
5 29305 13 5 16 inf 0 0 0 0
