
2 16911 4 4 3 16911 4 4 3
4 6411 2 2 3 6411 2 2 3
3 6843 3 2 2 6843 3 2 2
5 16278 3 1 0 16278 3 1 0
2 43787 5 5 4 43787 5 5 4
3 44635 6 4 6 44635 6 4 6
3 8888 2 1 0 8888 2 1 0
3 49812 6 3 4 49812 6 3 4
4 21887 4 4 9 15283 3 4 5
4 20429 5 3 6 13239 3 3 5
4 52679 9 3 6 52679 9 3 6
3 23269 5 4 6 14196 3 4 4
3 6047 5 3 4 3278 3 3 3
3 67285 11 5 8 44579 7 4 4
3 29672 6 4 6 29672 6 4 6
6 11997 7 4 15 6836 5 4 11
3 46740 8 5 8 34265 6 4 4
5 24034 3 1 0 24034 3 1 0
6 7360 12 3 10 7144 11 3 8
3 47182 7 5 8 44983 7 4 5
