
5 90952 13 4 12 63408 9 4 8 1
4 85726 12 6 15 inf 0 0 0 0
6 182673 25 7 30 inf 0 0 0 0
6 68816 14 5 20 42812 8 5 12 1
6 43591 13 4 15 39435 9 4 11 0
6 28514 14 5 20 23712 12 5 18 0
5 97960 20 6 20 inf 0 0 0 0
5 97745 23 7 24 inf 0 0 0 0
6 86092 23 7 30 inf 0 0 0 0
3 22096 8 6 10 15511 5 6 5 0
Unsat for hRASS
5 149522 19 6 20 inf 0 0 0 0
6 170797 30 7 30 94010 15 7 13 0
Unsat for hRASS
6 111548 28 8 35 inf 0 0 0 0
3 43135 8 6 10 32094 6 5 7 1
6 182546 27 6 25 inf 0 0 0 0
6 206302 26 8 35 inf 0 0 0 0
Unsat for hRASS
5 127206 18 6 20 inf 0 0 0 0
