
4 41034 9 0 -3 inf 0 0 0
5 6037 13 5 16 2829 6 5 11
2 23283 6 5 4 23283 6 5 4
3 28770 9 6 10 25807 5 4 3
4 17676 6 5 12 5892 2 5 9
4 35026 7 5 12 29906 6 5 9
2 24749 5 5 4 24749 5 5 4
4 49640 8 0 -3 inf 0 0 0
2 12702 5 6 5 12702 5 6 5
2 19124 3 3 2 19124 3 3 2
3 29708 7 3 4 27974 6 3 3
5 17524 7 3 8 17524 7 3 6
3 10428 7 5 8 10428 7 5 7
6 17500 6 3 10 17500 6 3 10
3 47012 8 5 8 35002 6 5 6
2 48526 7 0 -1 inf 0 0 0
5 21129 6 3 8 21129 6 3 8
2 28029 6 5 4 28029 6 5 4
2 34308 6 0 -1 inf 0 0 0
5 38407 6 4 12 35922 5 4 8
