2 3 5 1 3 4 5 6 2 8 9 7 2 2 8
2 3 5 1 2 3 4 6 9 7 7 3 8 5 8
2 3 5 1 2 3 5 6 2 1 6 3 2 4 8
2 3 5 1 3 4 5 6 8 7 7 1 5 2 8
2 3 5 1 2 3 4 6 4 8 2 7 4 5 8
2 3 5 1 2 3 5 6 3 8 8 1 2 4 8
2 3 5 1 2 3 4 6 6 9 2 3 6 5 8
2 3 5 1 2 3 5 6 6 2 5 6 9 4 8
2 3 5 1 2 3 5 6 2 4 8 6 5 4 8
2 3 5 1 2 3 4 6 2 1 1 2 8 5 8
2 3 5 1 3 4 5 6 8 3 9 5 5 2 8
2 3 5 1 3 4 5 6 5 8 3 8 8 2 8
2 3 5 1 2 3 4 6 8 7 2 9 8 5 8
2 3 5 1 2 4 5 6 2 1 9 3 2 3 8
2 3 5 1 2 3 5 6 6 2 6 6 3 4 8
2 3 5 1 2 3 4 6 4 3 7 8 8 5 8
2 3 5 1 3 4 5 6 3 5 7 5 8 2 8
2 3 5 1 2 3 5 6 1 7 3 7 4 4 8
2 3 5 2 3 4 5 6 5 1 3 4 2 1 8
2 3 5 2 3 4 5 6 1 9 9 2 4 1 8
