2 4 4 1 9 10 12 12 2 12 11 11 16
2 4 4 2 11 12 13 8 4 13 14 5 16
2 4 4 8 9 10 11 8 11 2 9 5 16
2 4 4 6 7 9 13 1 11 7 4 2 16
2 4 4 6 8 11 13 10 5 11 5 3 16
2 4 4 3 5 6 11 7 13 1 9 7 16
2 4 4 1 2 6 14 9 10 15 9 4 16
2 4 4 2 4 9 11 11 2 13 11 7 16
2 4 4 1 7 11 13 6 4 7 4 6 16
2 4 4 5 9 12 14 10 16 12 12 13 16
2 4 4 4 6 10 14 14 5 4 10 2 16
2 4 4 1 7 13 14 2 6 12 4 9 16
2 4 4 5 8 13 14 3 6 8 5 12 16
2 4 4 9 11 12 13 3 13 8 14 3 16
2 4 4 2 6 9 14 8 6 10 11 3 16
2 4 4 7 8 12 13 16 14 1 12 1 16
2 4 4 7 9 10 14 1 5 7 5 5 16
2 4 4 2 3 4 6 2 3 2 12 5 16
2 4 4 2 4 11 12 12 10 11 5 3 16
2 4 4 8 11 12 13 1 7 8 9 1 16
