2 4 3 4 11 13 13 2 13 5 16
2 4 3 5 7 13 11 11 13 11 16
2 4 3 5 6 7 6 15 6 4 16
2 4 3 3 4 14 9 4 10 6 16
2 4 3 8 13 14 2 1 5 12 16
2 4 3 6 9 11 14 10 8 8 16
2 4 3 4 12 13 2 5 9 2 16
2 4 3 6 8 11 10 12 9 9 16
2 4 3 1 9 11 4 1 7 3 16
2 4 3 2 5 7 7 14 6 4 16
2 4 3 3 8 13 11 2 13 9 16
2 4 3 2 4 9 15 7 3 7 16
2 4 3 2 8 9 3 5 4 1 16
2 4 3 2 6 10 16 13 14 8 16
2 4 3 4 11 12 2 16 8 1 16
2 4 3 1 8 12 2 9 6 10 16
2 4 3 4 6 7 15 11 2 2 16
2 4 3 5 6 13 3 12 6 8 16
2 4 3 1 4 5 8 4 7 2 16
2 4 3 3 8 10 12 3 8 5 16
