2 4 5 6 9 10 12 13 3 3 7 12 15 4 16
2 4 5 3 5 6 7 8 7 9 1 5 2 1 16
2 4 5 3 4 5 13 14 1 10 1 12 16 12 16
2 4 5 4 5 8 9 13 10 4 15 4 15 11 16
2 4 5 1 3 6 11 14 3 14 6 4 3 8 16
2 4 5 1 4 9 10 12 6 4 15 3 5 3 16
2 4 5 3 4 5 9 12 10 6 4 5 8 6 16
2 4 5 5 10 12 13 14 5 12 14 13 2 4 16
2 4 5 2 7 8 9 13 4 4 2 15 5 6 16
2 4 5 7 8 10 11 13 6 6 11 11 12 5 16
2 4 5 7 8 9 10 13 10 11 15 13 11 6 16
2 4 5 1 4 5 6 9 5 13 11 14 13 3 16
2 4 5 2 4 5 10 12 12 8 16 12 12 1 16
2 4 5 2 5 9 11 12 12 16 15 4 14 8 16
2 4 5 1 3 5 12 14 13 7 2 5 11 10 16
2 4 5 3 4 10 12 14 4 2 5 3 2 6 16
2 4 5 1 4 9 12 13 2 7 6 8 10 5 16
2 4 5 1 4 6 8 14 15 9 14 8 6 3 16
2 4 5 1 5 9 10 11 8 10 10 10 12 6 16
2 4 5 1 2 6 8 14 12 9 7 1 8 7 16
