2 5 4 5 18 23 25 24 3 8 13 8 32
2 5 4 2 18 22 26 8 20 21 9 13 32
2 5 4 12 14 19 25 12 22 1 25 18 32
2 5 4 5 6 22 23 5 2 19 21 8 32
2 5 4 2 14 17 29 11 1 12 25 21 32
2 5 4 7 8 9 15 17 10 20 9 3 32
2 5 4 1 4 8 17 5 4 10 10 10 32
2 5 4 8 15 24 27 1 7 5 9 16 32
2 5 4 2 3 4 14 14 14 16 2 12 32
2 5 4 16 21 23 25 2 24 8 14 10 32
2 5 4 13 19 27 28 8 18 4 13 3 32
2 5 4 12 14 17 22 20 19 21 23 21 32
2 5 4 10 15 25 27 5 14 9 15 17 32
2 5 4 4 12 21 25 17 19 15 21 7 32
2 5 4 10 11 14 26 17 14 1 6 1 32
2 5 4 1 11 26 27 22 13 6 14 22 32
2 5 4 3 22 25 28 18 3 10 16 11 32
2 5 4 5 15 16 17 20 14 20 7 12 32
2 5 4 12 16 20 25 15 14 14 8 21 32
2 5 4 5 7 8 28 10 18 1 22 25 32
