2 5 3 3 13 29 4 22 17 22 32
2 5 3 6 8 24 4 23 11 4 32
2 5 3 11 14 16 12 16 10 10 32
2 5 3 9 12 28 7 25 16 27 32
2 5 3 9 20 22 10 13 10 1 32
2 5 3 4 24 26 7 11 24 13 32
2 5 3 5 24 28 20 3 13 4 32
2 5 3 5 6 9 5 19 15 2 32
2 5 3 11 14 19 25 24 7 6 32
2 5 3 16 28 30 4 19 16 14 32
2 5 3 4 11 30 11 10 10 19 32
2 5 3 18 25 29 23 23 10 26 32
2 5 3 5 9 27 7 6 22 6 32
2 5 3 1 8 17 5 19 13 5 32
2 5 3 20 22 23 9 18 13 15 32
2 5 3 15 17 19 24 23 10 5 32
2 5 3 4 14 15 11 6 25 11 32
2 5 3 10 11 19 21 3 7 8 32
2 5 3 20 21 24 4 21 11 5 32
2 5 3 8 21 28 23 22 14 5 32
