2 5 5 7 10 12 19 30 25 4 1 19 23 9 32
2 5 5 12 13 14 16 29 25 7 10 9 9 9 32
2 5 5 16 18 25 26 30 21 18 4 16 15 9 32
2 5 5 10 18 20 22 28 13 15 17 24 24 5 32
2 5 5 11 12 21 22 25 4 17 4 2 14 7 32
2 5 5 2 3 4 6 27 4 11 15 9 9 18 32
2 5 5 1 2 5 16 25 12 15 22 9 18 24 32
2 5 5 1 15 17 19 22 17 25 19 6 3 18 32
2 5 5 2 4 5 11 17 16 6 14 24 3 1 32
2 5 5 2 13 17 18 24 13 11 8 15 12 1 32
2 5 5 4 6 19 26 28 12 1 17 5 17 2 32
2 5 5 7 10 11 18 30 22 19 9 21 18 20 32
2 5 5 4 6 7 11 15 1 20 12 4 18 13 32
2 5 5 2 3 7 17 29 23 11 18 7 25 20 32
2 5 5 1 6 13 20 26 15 25 17 6 23 18 32
2 5 5 3 8 12 18 21 18 16 1 7 21 13 32
2 5 5 7 8 11 15 20 22 22 1 17 13 6 32
2 5 5 1 12 21 26 27 21 16 3 9 25 19 32
2 5 5 1 5 11 14 26 7 7 23 6 7 8 32
2 5 5 5 9 17 23 28 3 23 23 20 19 25 32
