3 3 5 3 11 12 14 24 4 8 1 6 8 10 27
3 3 5 5 7 9 11 20 8 6 2 9 8 2 27
3 3 5 2 4 10 11 22 5 5 7 6 6 21 27
3 3 5 1 4 5 15 19 8 5 4 1 2 8 27
3 3 5 1 11 15 21 24 5 4 8 5 8 9 27
3 3 5 6 7 14 18 23 3 4 5 7 2 1 27
3 3 5 6 19 22 23 24 4 8 6 2 5 10 27
3 3 5 4 6 15 24 25 5 6 6 8 9 8 27
3 3 5 2 8 14 19 20 9 6 6 8 6 4 27
3 3 5 1 2 13 14 21 1 1 7 2 3 10 27
3 3 5 7 10 12 20 22 4 6 6 3 8 18 27
3 3 5 5 8 12 15 21 5 2 8 2 2 1 27
3 3 5 2 9 10 17 24 7 3 1 3 7 8 27
3 3 5 2 7 18 21 24 2 6 5 7 1 3 27
3 3 5 7 8 14 15 22 5 5 7 5 3 19 27
3 3 5 3 5 7 18 22 7 8 7 4 6 10 27
3 3 5 1 13 14 22 24 8 9 5 2 8 23 27
3 3 5 1 4 5 14 21 3 7 3 2 6 2 27
3 3 5 3 4 13 17 22 9 3 5 9 8 18 27
3 3 5 12 14 18 19 24 3 8 4 2 8 3 27
