3 3 3 10 22 24 9 3 7 1 27
3 3 3 8 15 20 2 8 7 19 27
3 3 3 4 17 25 6 6 9 9 27
3 3 3 5 10 13 6 1 1 12 27
3 3 3 16 20 23 5 4 7 1 27
3 3 3 4 16 25 3 5 6 23 27
3 3 3 5 12 23 5 7 8 1 27
3 3 3 1 3 12 9 5 7 6 27
3 3 3 2 8 18 6 5 9 7 27
3 3 3 6 8 19 4 5 2 15 27
3 3 3 4 9 20 4 8 4 18 27
3 3 3 1 4 13 6 8 5 9 27
3 3 3 1 16 17 9 1 6 15 27
3 3 3 3 4 25 8 5 4 16 27
3 3 3 12 20 23 6 8 1 8 27
3 3 3 1 2 15 6 1 1 13 27
3 3 3 1 13 18 6 3 3 2 27
3 3 3 3 8 11 4 3 3 9 27
3 3 3 17 18 24 4 2 9 15 27
3 3 3 5 6 24 5 6 8 18 27
