3 3 4 16 18 23 24 9 6 6 9 2 27
3 3 4 3 19 24 25 1 4 5 2 14 27
3 3 4 1 4 5 19 7 7 7 4 14 27
3 3 4 8 11 21 24 7 4 3 1 16 27
3 3 4 2 7 16 25 2 5 3 4 3 27
3 3 4 5 10 17 22 5 6 6 2 7 27
3 3 4 1 4 8 16 3 2 5 2 9 27
3 3 4 12 20 21 25 6 1 4 4 4 27
3 3 4 9 13 14 23 1 8 6 2 8 27
3 3 4 9 13 17 22 1 8 3 8 10 27
3 3 4 1 4 17 22 9 2 2 8 5 27
3 3 4 5 7 18 21 2 2 1 1 14 27
3 3 4 9 15 19 25 8 5 5 4 23 27
3 3 4 2 12 16 17 1 3 2 3 9 27
3 3 4 4 9 11 24 5 1 5 8 7 27
3 3 4 2 6 11 16 5 8 2 2 14 27
3 3 4 1 4 8 14 9 9 9 5 2 27
3 3 4 2 7 12 16 9 7 6 2 14 27
3 3 4 2 9 11 23 1 6 6 5 10 27
3 3 4 5 14 18 22 3 6 1 3 16 27
