3 4 4 39 51 69 77 15 2 15 12 19 81
3 4 4 32 33 52 77 11 9 8 16 38 81
3 4 4 27 28 34 68 6 5 1 3 60 81
3 4 4 1 41 46 77 10 11 10 11 23 81
3 4 4 10 34 56 58 6 16 7 13 17 81
3 4 4 6 23 48 69 6 4 12 2 45 81
3 4 4 12 16 49 52 15 15 14 13 5 81
3 4 4 2 33 40 79 2 13 1 11 1 81
3 4 4 4 11 35 73 11 12 2 14 3 81
3 4 4 12 32 43 49 7 6 6 14 44 81
3 4 4 9 33 40 59 16 5 8 16 19 81
3 4 4 11 12 44 50 1 3 9 14 19 81
3 4 4 1 54 58 62 2 5 11 6 56 81
3 4 4 5 41 53 78 16 8 10 11 74 81
3 4 4 7 23 43 70 2 7 10 4 47 81
3 4 4 10 56 67 79 13 9 1 16 71 81
3 4 4 4 41 63 67 16 12 14 13 31 81
3 4 4 6 24 51 77 11 1 10 11 46 81
3 4 4 29 37 45 59 6 15 14 13 26 81
3 4 4 8 23 30 73 14 3 8 14 15 81
