3 4 3 29 37 60 12 13 11 14 81
3 4 3 52 67 78 4 3 13 8 81
3 4 3 1 48 79 4 6 14 32 81
3 4 3 25 65 79 13 12 5 48 81
3 4 3 32 53 68 14 13 12 62 81
3 4 3 25 46 56 12 5 6 41 81
3 4 3 2 30 51 2 4 10 9 81
3 4 3 38 52 73 6 3 6 15 81
3 4 3 44 59 65 6 12 9 28 81
3 4 3 10 19 56 4 11 12 22 81
3 4 3 22 32 63 1 5 2 1 81
3 4 3 50 59 73 14 10 15 5 81
3 4 3 15 28 49 13 10 5 3 81
3 4 3 22 51 63 1 9 14 61 81
3 4 3 42 59 72 10 11 13 40 81
3 4 3 31 50 55 12 3 1 16 81
3 4 3 7 37 47 12 6 15 16 81
3 4 3 3 4 22 4 15 14 10 81
3 4 3 10 24 46 10 12 10 8 81
3 4 3 26 27 39 6 15 4 14 81
