3 4 5 29 31 45 73 76 1 7 2 3 14 25 81
3 4 5 3 16 26 48 59 11 16 15 10 7 36 81
3 4 5 7 19 20 67 72 2 14 15 12 6 44 81
3 4 5 4 8 13 65 75 4 5 8 12 1 18 81
3 4 5 21 38 53 66 73 4 4 14 14 15 60 81
3 4 5 34 38 41 47 63 5 11 11 15 6 44 81
3 4 5 26 45 53 77 79 15 15 6 4 4 12 81
3 4 5 8 16 33 42 58 8 10 14 6 3 32 81
3 4 5 2 17 38 42 79 13 9 9 13 16 41 81
3 4 5 18 21 55 60 70 8 15 15 1 16 10 81
3 4 5 10 21 31 65 75 15 8 9 10 6 66 81
3 4 5 12 36 39 46 65 14 10 9 4 7 11 81
3 4 5 5 8 52 61 63 10 3 13 4 9 7 81
3 4 5 25 32 33 41 45 3 9 11 15 3 35 81
3 4 5 15 25 31 42 50 14 3 14 16 10 1 81
3 4 5 10 14 25 28 70 6 6 7 11 6 23 81
3 4 5 9 21 24 32 42 12 13 10 13 3 13 81
3 4 5 2 3 60 62 67 11 10 4 10 13 12 81
3 4 5 26 31 40 42 50 13 9 10 16 10 23 81
3 4 5 2 15 34 35 37 3 9 4 11 12 21 81
