3 5 2 91 187 5 14 76 243
3 5 2 80 200 5 20 106 243
3 5 2 2 75 1 6 36 243
3 5 2 40 175 11 24 108 243
3 5 2 31 73 11 7 39 243
3 5 2 57 97 2 18 96 243
3 5 2 50 56 20 6 47 243
3 5 2 62 125 23 19 111 243
3 5 2 98 160 14 13 8 243
3 5 2 126 192 7 13 79 243
3 5 2 56 156 4 13 125 243
3 5 2 61 83 17 11 77 243
3 5 2 79 145 6 13 94 243
3 5 2 5 167 25 24 26 243
3 5 2 52 77 11 23 48 243
3 5 2 40 50 8 15 43 243
3 5 2 105 229 13 11 60 243
3 5 2 141 151 9 11 122 243
3 5 2 52 124 3 6 61 243
3 5 2 200 237 24 25 165 243
