3 5 3 123 194 223 24 8 13 117 243
3 5 3 80 107 167 13 17 8 139 243
3 5 3 115 160 174 12 22 13 158 243
3 5 3 69 116 223 12 6 14 27 243
3 5 3 111 219 233 6 11 18 77 243
3 5 3 57 183 184 24 4 20 19 243
3 5 3 155 193 212 6 17 11 140 243
3 5 3 36 81 156 1 12 1 80 243
3 5 3 78 120 137 4 15 16 19 243
3 5 3 1 28 88 20 16 5 70 243
3 5 3 178 188 238 5 11 6 201 243
3 5 3 115 189 232 1 22 12 93 243
3 5 3 30 63 113 9 7 9 79 243
3 5 3 5 57 236 23 10 10 51 243
3 5 3 1 167 185 11 14 1 160 243
3 5 3 37 170 177 5 24 8 74 243
3 5 3 10 157 219 17 20 16 123 243
3 5 3 19 79 227 19 21 1 143 243
3 5 3 20 118 136 2 7 21 113 243
3 5 3 47 132 222 24 24 7 35 243
