3 5 5 27 55 122 170 217 2 2 2 19 14 109 243
3 5 5 10 57 58 72 193 10 6 3 9 19 81 243
3 5 5 146 179 196 215 239 6 23 6 24 9 128 243
3 5 5 16 139 172 181 229 11 3 23 16 12 176 243
3 5 5 16 84 92 97 134 7 3 10 8 9 23 243
3 5 5 31 85 217 231 233 17 12 3 24 20 38 243
3 5 5 14 60 106 136 228 21 9 25 23 25 152 243
3 5 5 82 109 133 178 237 1 8 20 13 23 80 243
3 5 5 115 119 125 140 188 14 11 17 14 12 124 243
3 5 5 49 63 75 90 201 10 19 22 22 16 8 243
3 5 5 43 125 151 160 231 25 17 22 24 20 180 243
3 5 5 49 76 105 122 226 13 3 14 22 14 111 243
3 5 5 9 70 89 171 192 5 13 9 13 16 88 243
3 5 5 6 150 188 191 231 11 19 19 23 1 181 243
3 5 5 14 69 80 100 140 5 19 13 15 10 110 243
3 5 5 20 30 107 156 214 22 5 16 8 8 24 243
3 5 5 13 40 44 45 145 10 23 21 6 25 39 243
3 5 5 33 64 134 189 213 3 20 15 16 5 49 243
3 5 5 102 176 181 218 224 4 16 9 4 11 11 243
3 5 5 15 21 76 90 103 8 22 18 5 13 16 243
