3 5 4 19 33 144 213 11 14 9 4 128 243
3 5 4 70 149 204 232 19 4 10 3 57 243
3 5 4 5 72 172 213 6 6 4 23 120 243
3 5 4 24 117 164 182 20 3 11 7 131 243
3 5 4 44 93 99 165 23 8 4 1 90 243
3 5 4 39 85 180 193 24 19 19 2 35 243
3 5 4 7 134 147 178 15 20 2 3 150 243
3 5 4 10 17 203 224 3 9 25 24 83 243
3 5 4 64 108 154 231 15 20 5 7 197 243
3 5 4 157 189 230 240 15 4 13 23 188 243
3 5 4 55 57 143 214 4 20 7 1 27 243
3 5 4 18 21 212 228 14 11 5 1 135 243
3 5 4 100 136 196 238 21 8 7 3 169 243
3 5 4 37 66 199 234 14 13 20 19 231 243
3 5 4 19 35 130 153 22 16 18 17 58 243
3 5 4 11 182 198 227 5 5 20 14 193 243
3 5 4 90 143 155 237 22 5 8 21 21 243
3 5 4 129 150 170 218 5 1 22 10 106 243
3 5 4 67 113 132 221 25 20 18 6 96 243
3 5 4 60 61 67 137 12 12 18 9 80 243
