4 3 5 14 20 23 38 50 2 8 7 4 10 2 64
4 3 5 13 32 35 39 62 6 4 1 4 9 43 64
4 3 5 5 11 12 14 33 9 4 11 2 12 23 64
4 3 5 7 9 11 36 45 6 3 5 7 2 1 64
4 3 5 10 23 51 52 59 3 7 8 1 11 34 64
4 3 5 15 18 26 40 45 10 8 5 6 8 19 64
4 3 5 15 17 22 28 38 3 11 4 1 2 35 64
4 3 5 10 22 24 29 33 6 1 5 10 7 14 64
4 3 5 4 8 39 57 60 5 6 4 8 4 14 64
4 3 5 10 19 52 54 61 5 5 3 10 5 33 64
4 3 5 3 22 24 44 47 4 1 10 7 3 28 64
4 3 5 3 12 19 41 43 4 2 10 3 4 22 64
4 3 5 4 7 9 39 54 6 9 10 3 2 40 64
4 3 5 31 46 49 53 57 5 5 4 9 8 8 64
4 3 5 4 5 28 32 58 1 2 1 2 3 13 64
4 3 5 6 10 22 31 34 1 8 8 10 3 1 64
4 3 5 4 7 11 35 41 2 11 3 6 6 40 64
4 3 5 10 26 44 47 56 2 1 9 5 3 49 64
4 3 5 23 36 40 50 61 12 11 9 11 9 41 64
4 3 5 21 27 35 55 60 5 6 2 10 2 13 64
