4 3 3 9 32 38 5 7 5 17 64
4 3 3 1 28 36 12 3 6 33 64
4 3 3 7 31 36 2 7 8 20 64
4 3 3 32 48 60 10 5 11 30 64
4 3 3 11 17 25 3 11 11 20 64
4 3 3 3 36 61 5 6 10 5 64
4 3 3 14 19 49 3 11 3 44 64
4 3 3 26 28 45 9 9 4 38 64
4 3 3 3 28 60 9 11 10 1 64
4 3 3 55 57 58 11 1 9 11 64
4 3 3 9 35 38 12 8 6 16 64
4 3 3 8 21 60 1 5 10 11 64
4 3 3 38 49 62 4 7 10 32 64
4 3 3 4 7 36 1 1 8 24 64
4 3 3 10 17 58 3 10 9 36 64
4 3 3 6 13 29 5 6 4 17 64
4 3 3 18 19 57 11 7 7 5 64
4 3 3 38 59 62 9 8 11 47 64
4 3 3 33 46 62 8 7 4 26 64
4 3 3 11 12 39 8 8 12 4 64
