4 3 4 10 31 35 62 6 5 8 11 29 64
4 3 4 11 20 25 38 4 10 5 7 17 64
4 3 4 9 36 44 47 6 2 10 6 30 64
4 3 4 12 13 16 26 6 5 5 4 24 64
4 3 4 3 33 46 51 4 3 2 12 19 64
4 3 4 10 24 41 45 10 9 1 3 20 64
4 3 4 16 20 33 54 3 6 10 8 31 64
4 3 4 30 31 34 45 7 11 5 2 21 64
4 3 4 11 17 24 42 2 2 7 10 38 64
4 3 4 11 21 49 55 9 7 5 11 35 64
4 3 4 32 33 44 47 9 6 2 3 19 64
4 3 4 3 26 29 53 7 3 9 10 49 64
4 3 4 3 8 9 62 10 7 3 4 52 64
4 3 4 5 32 59 60 9 5 5 4 20 64
4 3 4 8 25 49 53 9 2 5 12 6 64
4 3 4 22 28 31 35 7 9 4 11 12 64
4 3 4 3 18 28 34 10 5 2 11 20 64
4 3 4 2 5 46 56 11 5 12 10 29 64
4 3 4 4 21 40 50 3 2 1 6 24 64
4 3 4 7 15 36 46 4 1 10 11 41 64
