4 4 5 54 65 71 88 182 8 2 2 10 2 133 256
4 4 5 125 134 138 191 211 3 4 12 5 8 109 256
4 4 5 12 43 53 74 118 7 5 10 2 1 110 256
4 4 5 62 139 172 174 220 4 3 12 1 4 175 256
4 4 5 8 26 113 147 153 9 9 16 9 3 67 256
4 4 5 76 90 149 152 242 6 15 9 13 2 179 256
4 4 5 3 66 82 216 232 13 5 6 14 7 176 256
4 4 5 84 97 98 145 146 3 12 12 10 4 34 256
4 4 5 23 56 64 150 225 13 2 4 11 13 200 256
4 4 5 105 185 194 199 204 15 9 5 6 3 122 256
4 4 5 104 136 197 244 246 11 15 1 7 7 65 256
4 4 5 35 44 51 71 101 7 7 16 2 16 92 256
4 4 5 22 188 222 231 244 4 2 7 4 8 223 256
4 4 5 87 146 178 193 230 12 11 8 9 13 188 256
4 4 5 9 117 139 172 216 8 1 11 9 14 168 256
4 4 5 91 117 144 146 180 15 12 11 15 4 26 256
4 4 5 13 98 115 201 229 1 1 2 4 2 198 256
4 4 5 93 143 147 172 224 15 1 6 8 15 50 256
4 4 5 37 104 138 184 191 12 2 15 2 4 105 256
4 4 5 115 150 196 224 250 14 1 15 9 6 104 256
