4 4 2 89 249 6 5 47 256
4 4 2 42 106 10 4 55 256
4 4 2 87 225 6 4 4 256
4 4 2 126 129 3 3 86 256
4 4 2 29 119 6 9 40 256
4 4 2 148 245 6 6 64 256
4 4 2 32 64 3 9 24 256
4 4 2 5 118 9 7 56 256
4 4 2 105 113 5 7 44 256
4 4 2 13 179 10 6 80 256
4 4 2 217 252 3 3 129 256
4 4 2 131 175 3 8 63 256
4 4 2 71 185 5 3 24 256
4 4 2 112 195 10 7 101 256
4 4 2 53 144 6 2 136 256
4 4 2 201 247 5 7 157 256
4 4 2 5 156 8 5 128 256
4 4 2 26 131 5 8 106 256
4 4 2 92 106 7 5 97 256
4 4 2 192 218 5 6 126 256
