4 4 3 35 114 159 4 7 1 40 256
4 4 3 8 195 219 6 6 8 108 256
4 4 3 37 155 179 9 8 4 48 256
4 4 3 66 160 194 1 15 13 1 256
4 4 3 84 112 120 16 3 5 62 256
4 4 3 49 148 150 12 12 4 29 256
4 4 3 94 150 202 10 7 16 34 256
4 4 3 57 68 231 3 14 5 3 256
4 4 3 8 81 182 4 14 10 94 256
4 4 3 20 200 233 1 5 8 173 256
4 4 3 30 174 225 9 12 6 164 256
4 4 3 2 83 94 7 12 1 42 256
4 4 3 187 230 241 13 8 2 137 256
4 4 3 61 105 211 16 7 3 205 256
4 4 3 50 124 197 7 12 5 187 256
4 4 3 51 167 184 9 10 13 24 256
4 4 3 100 102 135 9 15 5 15 256
4 4 3 116 178 189 1 13 5 70 256
4 4 3 1 64 231 6 12 9 208 256
4 4 3 127 162 185 10 10 6 97 256
