4 4 4 26 83 121 154 16 7 12 6 22 256
4 4 4 1 47 136 214 9 9 6 1 24 256
4 4 4 103 163 182 239 7 9 2 7 133 256
4 4 4 81 125 186 246 14 9 6 10 87 256
4 4 4 32 90 134 249 6 12 16 11 36 256
4 4 4 55 73 82 181 12 8 3 6 6 256
4 4 4 34 90 104 233 6 5 16 4 56 256
4 4 4 51 58 177 247 7 13 5 1 147 256
4 4 4 9 24 45 225 8 2 9 8 79 256
4 4 4 6 31 117 183 1 2 5 10 141 256
4 4 4 49 200 210 213 4 11 9 1 2 256
4 4 4 151 157 217 243 11 3 4 12 194 256
4 4 4 54 115 192 218 16 7 11 6 132 256
4 4 4 72 132 148 239 10 7 3 7 87 256
4 4 4 12 174 201 239 14 12 14 7 57 256
4 4 4 11 40 134 189 6 10 2 2 76 256
4 4 4 32 159 233 247 8 11 12 2 111 256
4 4 4 15 104 141 178 4 14 13 14 110 256
4 4 4 42 43 101 105 1 11 15 13 98 256
4 4 4 76 171 225 254 11 9 11 1 235 256
