4 5 2 524 802 16 6 289 1024
4 5 2 470 489 8 2 404 1024
4 5 2 219 752 22 10 491 1024
4 5 2 146 214 2 16 8 1024
4 5 2 560 632 1 7 313 1024
4 5 2 51 72 21 12 59 1024
4 5 2 551 608 17 10 20 1024
4 5 2 312 495 13 11 319 1024
4 5 2 777 939 13 18 806 1024
4 5 2 393 657 8 14 291 1024
4 5 2 274 861 3 11 202 1024
4 5 2 354 1004 23 21 293 1024
4 5 2 197 836 25 2 817 1024
4 5 2 641 877 15 17 80 1024
4 5 2 620 634 14 23 334 1024
4 5 2 763 797 19 14 267 1024
4 5 2 30 59 15 21 52 1024
4 5 2 72 220 25 22 119 1024
4 5 2 8 743 17 21 565 1024
4 5 2 342 366 23 22 180 1024
