4 5 3 116 277 385 5 20 17 348 1024
4 5 3 33 332 508 2 22 14 190 1024
4 5 3 102 148 238 4 3 11 196 1024
4 5 3 259 336 731 22 8 12 346 1024
4 5 3 224 371 573 22 15 16 450 1024
4 5 3 389 966 1008 8 21 16 667 1024
4 5 3 183 246 378 24 23 24 137 1024
4 5 3 443 461 1015 14 24 9 388 1024
4 5 3 51 793 972 1 6 18 394 1024
4 5 3 85 227 852 17 19 22 580 1024
4 5 3 335 588 985 23 20 2 31 1024
4 5 3 86 288 697 10 7 19 408 1024
4 5 3 254 359 988 2 8 14 889 1024
4 5 3 284 367 836 20 1 5 116 1024
4 5 3 170 440 890 10 17 14 791 1024
4 5 3 262 659 682 17 20 1 532 1024
4 5 3 89 557 738 24 23 22 671 1024
4 5 3 161 902 979 9 11 1 400 1024
4 5 3 312 667 677 18 23 11 279 1024
4 5 3 203 489 940 7 7 12 562 1024
