4 5 5 150 215 400 569 979 17 8 6 25 22 181 1024
4 5 5 242 371 402 462 645 10 9 22 1 12 441 1024
4 5 5 128 231 543 861 994 6 19 3 17 25 815 1024
4 5 5 104 285 479 757 966 4 11 14 20 8 820 1024
4 5 5 32 176 197 378 901 1 23 12 18 12 799 1024
4 5 5 365 403 475 541 931 7 19 17 19 20 188 1024
4 5 5 430 441 597 598 993 3 20 2 10 24 180 1024
4 5 5 240 303 427 449 802 16 2 2 19 23 694 1024
4 5 5 11 326 465 840 1000 23 22 8 21 8 90 1024
4 5 5 250 311 501 512 590 23 4 5 9 24 516 1024
4 5 5 24 91 400 759 774 23 5 22 16 15 453 1024
4 5 5 152 174 635 834 1010 18 2 22 2 17 717 1024
4 5 5 123 280 778 932 971 5 25 1 20 8 653 1024
4 5 5 249 468 584 706 1022 18 10 14 4 17 843 1024
4 5 5 11 489 649 709 827 13 6 24 19 7 662 1024
4 5 5 96 406 721 735 896 10 22 5 15 19 649 1024
4 5 5 138 384 462 510 891 18 8 8 21 19 687 1024
4 5 5 333 378 384 533 948 5 5 14 10 21 137 1024
4 5 5 214 260 737 951 970 5 15 25 4 9 614 1024
4 5 5 23 44 80 298 842 6 20 21 10 25 365 1024
