4 5 4 31 629 851 987 10 1 12 20 589 1024
4 5 4 220 493 535 594 8 25 24 25 435 1024
4 5 4 462 503 724 844 15 12 4 22 63 1024
4 5 4 254 689 874 945 18 21 5 2 95 1024
4 5 4 198 449 756 917 4 25 18 5 311 1024
4 5 4 632 748 988 990 2 11 23 15 520 1024
4 5 4 212 367 956 976 21 25 2 20 426 1024
4 5 4 95 149 256 334 24 1 22 6 37 1024
4 5 4 447 554 871 959 11 16 21 12 399 1024
4 5 4 2 192 353 853 15 16 18 22 558 1024
4 5 4 336 471 553 699 22 21 24 12 430 1024
4 5 4 497 511 816 928 23 23 2 17 612 1024
4 5 4 451 649 733 804 19 4 8 12 732 1024
4 5 4 309 481 556 831 14 15 2 7 3 1024
4 5 4 167 210 694 919 13 3 6 14 238 1024
4 5 4 56 583 593 600 18 1 8 2 392 1024
4 5 4 381 470 516 584 17 5 25 4 95 1024
4 5 4 61 75 344 346 2 13 13 13 311 1024
4 5 4 315 387 499 991 7 4 4 24 117 1024
4 5 4 217 293 914 967 2 9 18 20 933 1024
