5 3 5 9 18 56 67 119 14 10 3 2 10 112 125
5 3 5 14 26 38 60 62 5 8 8 6 5 53 125
5 3 5 37 41 47 61 102 6 10 6 14 11 85 125
5 3 5 17 86 105 108 112 8 14 11 14 10 92 125
5 3 5 4 24 45 75 117 13 9 11 7 7 101 125
5 3 5 24 46 80 86 119 9 6 8 6 7 3 125
5 3 5 27 47 57 72 90 9 5 2 8 14 35 125
5 3 5 6 18 55 98 121 4 10 1 15 3 106 125
5 3 5 26 48 56 86 109 11 13 6 12 12 101 125
5 3 5 34 39 85 104 120 12 12 6 11 5 100 125
5 3 5 1 22 46 66 97 6 11 10 1 9 62 125
5 3 5 11 46 65 87 118 15 8 10 9 2 5 125
5 3 5 18 29 49 68 98 8 8 15 2 11 9 125
5 3 5 18 30 53 102 111 1 12 1 14 12 50 125
5 3 5 30 33 53 70 118 15 14 14 4 8 31 125
5 3 5 19 39 66 91 95 2 2 6 5 1 74 125
5 3 5 7 46 50 61 92 11 5 15 15 7 18 125
5 3 5 18 25 28 81 117 8 11 9 4 6 69 125
5 3 5 3 6 39 54 60 4 9 9 11 4 59 125
5 3 5 59 67 81 91 120 3 13 2 6 6 92 125
