5 3 2 42 107 6 9 38 125
5 3 2 1 71 1 8 53 125
5 3 2 21 89 3 14 68 125
5 3 2 1 106 14 5 73 125
5 3 2 56 94 10 12 36 125
5 3 2 12 69 1 2 5 125
5 3 2 55 65 1 15 49 125
5 3 2 66 67 11 12 7 125
5 3 2 3 82 15 11 76 125
5 3 2 2 40 2 5 24 125
5 3 2 32 76 1 11 25 125
5 3 2 1 81 2 13 62 125
5 3 2 104 113 3 8 97 125
5 3 2 92 110 14 14 39 125
5 3 2 54 97 13 15 38 125
5 3 2 44 118 13 3 40 125
5 3 2 10 46 14 2 33 125
5 3 2 31 78 2 11 67 125
5 3 2 46 108 4 15 24 125
5 3 2 10 80 14 6 77 125
