5 3 3 2 58 93 12 13 2 29 125
5 3 3 44 97 114 2 2 13 54 125
5 3 3 6 54 119 7 3 3 59 125
5 3 3 77 87 104 10 9 10 33 125
5 3 3 5 15 97 8 11 12 70 125
5 3 3 52 58 87 14 6 7 85 125
5 3 3 60 65 112 9 2 7 33 125
5 3 3 6 46 63 14 2 2 62 125
5 3 3 30 70 101 8 11 15 69 125
5 3 3 71 91 94 6 11 11 6 125
5 3 3 67 84 107 5 14 1 35 125
5 3 3 78 81 99 12 9 7 6 125
5 3 3 21 99 122 1 2 11 70 125
5 3 3 20 51 72 10 5 3 21 125
5 3 3 2 31 118 3 6 7 3 125
5 3 3 16 79 82 9 7 10 13 125
5 3 3 18 40 107 10 11 13 102 125
5 3 3 64 87 113 3 15 3 44 125
5 3 3 11 73 101 15 5 5 85 125
5 3 3 19 59 75 1 15 9 31 125
