5 3 4 30 71 109 111 11 4 12 1 41 125
5 3 4 50 52 114 123 8 1 12 9 1 125
5 3 4 58 88 90 111 7 8 15 10 72 125
5 3 4 64 80 93 117 3 2 13 15 27 125
5 3 4 10 24 40 55 14 6 7 1 22 125
5 3 4 65 66 88 108 4 9 5 13 103 125
5 3 4 56 77 104 117 13 11 4 9 47 125
5 3 4 2 53 64 99 12 2 8 11 81 125
5 3 4 11 28 63 95 3 7 8 10 3 125
5 3 4 37 42 47 91 2 10 6 14 83 125
5 3 4 31 105 106 108 4 15 14 8 91 125
5 3 4 53 62 112 121 6 6 15 9 18 125
5 3 4 6 33 93 119 13 15 15 11 80 125
5 3 4 3 52 89 108 5 10 5 5 2 125
5 3 4 56 104 115 117 8 1 9 5 43 125
5 3 4 10 26 83 114 8 3 7 6 39 125
5 3 4 11 13 44 73 15 10 10 13 31 125
5 3 4 13 62 96 102 14 3 3 9 31 125
5 3 4 23 67 105 118 10 11 9 9 106 125
5 3 4 12 24 49 72 5 1 1 10 36 125
