5 4 4 109 161 467 596 7 3 19 15 500 625
5 4 4 294 297 466 494 12 12 6 20 251 625
5 4 4 237 390 565 591 13 17 3 6 380 625
5 4 4 171 266 482 500 6 5 4 7 305 625
5 4 4 87 134 237 613 4 13 6 10 281 625
5 4 4 31 196 342 454 11 4 14 14 312 625
5 4 4 150 272 402 604 16 4 7 6 120 625
5 4 4 242 265 336 578 10 9 20 2 164 625
5 4 4 103 324 389 575 17 16 7 16 469 625
5 4 4 54 127 272 617 14 14 19 15 4 625
5 4 4 409 517 521 567 19 4 5 3 40 625
5 4 4 146 331 344 607 10 3 12 9 59 625
5 4 4 70 90 276 579 2 6 15 15 307 625
5 4 4 13 46 172 515 8 9 20 19 418 625
5 4 4 150 464 507 536 5 10 1 7 300 625
5 4 4 246 336 485 587 5 19 3 20 13 625
5 4 4 63 185 285 620 20 3 11 18 253 625
5 4 4 39 411 452 623 3 12 17 5 618 625
5 4 4 24 280 314 619 12 3 5 1 7 625
5 4 4 19 195 295 451 1 12 3 2 402 625
