5 4 3 249 527 553 8 14 4 494 625
5 4 3 38 142 372 4 11 11 71 625
5 4 3 43 596 610 7 8 8 77 625
5 4 3 118 211 303 4 17 6 33 625
5 4 3 157 218 423 16 11 18 393 625
5 4 3 168 224 573 4 19 11 384 625
5 4 3 15 357 463 12 16 6 283 625
5 4 3 131 290 502 12 20 6 95 625
5 4 3 258 314 524 4 11 4 332 625
5 4 3 256 479 609 17 17 20 393 625
5 4 3 386 422 564 2 9 5 162 625
5 4 3 11 133 362 2 11 6 49 625
5 4 3 249 339 519 18 18 5 289 625
5 4 3 177 316 449 8 6 1 369 625
5 4 3 17 273 619 16 6 3 147 625
5 4 3 2 375 426 5 8 4 119 625
5 4 3 358 387 519 11 15 18 262 625
5 4 3 151 228 258 5 17 16 162 625
5 4 3 39 183 453 9 19 6 347 625
5 4 3 372 399 402 9 17 17 38 625
