5 4 2 134 603 15 6 269 625
5 4 2 63 337 19 2 265 625
5 4 2 321 490 11 4 163 625
5 4 2 211 384 17 20 159 625
5 4 2 129 505 5 17 297 625
5 4 2 19 147 7 17 35 625
5 4 2 531 549 16 9 26 625
5 4 2 372 609 16 1 261 625
5 4 2 202 492 13 11 287 625
5 4 2 88 275 4 11 172 625
5 4 2 306 308 14 12 145 625
5 4 2 132 471 2 13 31 625
5 4 2 312 520 4 2 92 625
5 4 2 451 571 20 11 435 625
5 4 2 146 327 6 9 160 625
5 4 2 111 532 12 2 378 625
5 4 2 306 408 14 13 219 625
5 4 2 16 412 7 16 86 625
5 4 2 468 486 20 15 278 625
5 4 2 474 584 11 1 49 625
