5 4 5 70 304 333 356 430 12 6 3 4 13 221 625
5 4 5 31 182 257 308 607 18 8 7 9 5 218 625
5 4 5 189 352 461 490 566 8 3 12 14 5 2 625
5 4 5 165 508 520 536 599 14 18 8 14 4 321 625
5 4 5 24 106 191 286 442 15 14 3 9 14 126 625
5 4 5 35 47 154 304 425 13 12 20 14 1 91 625
5 4 5 36 242 249 408 516 8 18 11 13 10 223 625
5 4 5 81 172 178 352 602 13 19 15 10 9 317 625
5 4 5 99 208 313 341 506 9 17 13 13 14 248 625
5 4 5 59 91 304 420 563 17 15 4 14 7 122 625
5 4 5 25 221 225 345 402 5 18 13 16 9 180 625
5 4 5 131 318 363 365 559 12 4 8 19 9 226 625
5 4 5 46 326 350 434 548 12 15 10 20 8 355 625
5 4 5 22 47 401 457 587 1 15 2 5 7 51 625
5 4 5 46 58 96 428 484 9 9 5 9 15 478 625
5 4 5 40 56 270 352 529 4 17 19 7 15 262 625
5 4 5 8 47 233 356 457 14 2 17 11 7 215 625
5 4 5 257 386 401 448 504 11 11 9 10 1 70 625
5 4 5 155 237 266 338 442 5 6 3 17 3 280 625
5 4 5 70 93 99 573 616 18 3 2 18 2 274 625
