5 5 3 2222 3015 3103 10 22 6 2449 3125
5 5 3 1312 1589 2175 21 19 17 517 3125
5 5 3 1084 1407 1576 11 7 25 1153 3125
5 5 3 972 1631 1774 20 5 11 1123 3125
5 5 3 1443 1864 2235 4 22 16 1033 3125
5 5 3 199 452 2195 8 9 7 1766 3125
5 5 3 826 1954 2055 25 17 10 776 3125
5 5 3 251 1633 2073 22 25 10 1068 3125
5 5 3 363 2174 2500 10 19 18 2353 3125
5 5 3 228 1781 2883 14 6 19 2008 3125
5 5 3 218 2192 2782 13 8 23 921 3125
5 5 3 490 1579 2886 12 15 1 1338 3125
5 5 3 64 442 1932 13 6 20 1600 3125
5 5 3 2269 2832 2833 16 13 20 917 3125
5 5 3 1287 1853 2091 13 8 5 1226 3125
5 5 3 1256 1951 2327 13 3 17 2170 3125
5 5 3 873 2648 2741 7 9 20 1983 3125
5 5 3 224 365 509 11 17 17 154 3125
5 5 3 1756 2106 2586 24 5 18 2024 3125
5 5 3 841 1379 1504 16 16 25 184 3125
