5 5 5 1017 1695 2145 2745 2879 25 10 8 19 10 2858 3125
5 5 5 205 572 1591 2823 2942 25 4 12 11 13 1924 3125
5 5 5 86 1631 1670 1727 2526 19 15 9 23 18 1518 3125
5 5 5 453 882 1598 2373 2920 23 14 22 16 3 962 3125
5 5 5 251 798 1038 1123 1682 21 5 13 4 15 302 3125
5 5 5 666 846 1669 2064 3064 10 1 23 13 6 2529 3125
5 5 5 855 1295 1612 1945 2399 19 18 20 5 13 2092 3125
5 5 5 658 970 1348 2041 2966 18 4 8 13 5 507 3125
5 5 5 330 629 1992 2527 2705 8 7 19 5 19 1279 3125
5 5 5 259 500 534 954 1284 15 12 23 15 17 613 3125
5 5 5 1582 2406 2653 2886 3028 12 23 6 4 16 1371 3125
5 5 5 197 836 977 1341 2182 2 25 13 9 18 1487 3125
5 5 5 514 606 951 2597 2650 3 22 4 6 5 2295 3125
5 5 5 398 854 1237 2440 2525 18 19 13 2 6 1065 3125
5 5 5 1444 1523 2717 2827 2876 3 6 3 13 22 716 3125
5 5 5 552 1050 1156 1175 1735 16 21 21 16 16 530 3125
5 5 5 641 671 1320 2206 2448 11 19 13 1 25 589 3125
5 5 5 561 725 1283 1311 2027 1 10 5 19 22 1271 3125
5 5 5 650 1032 1545 1553 2045 17 9 15 12 11 1588 3125
5 5 5 95 473 1704 2925 2946 1 8 12 2 24 2639 3125
