5 5 2 817 1590 14 14 347 3125
5 5 2 2488 2554 23 13 1451 3125
5 5 2 186 523 17 25 410 3125
5 5 2 1334 1706 24 14 1563 3125
5 5 2 1210 2028 23 18 853 3125
5 5 2 1291 2120 15 5 69 3125
5 5 2 1968 2250 6 25 596 3125
5 5 2 136 466 11 13 231 3125
5 5 2 883 2488 22 15 1301 3125
5 5 2 1864 2758 2 3 2228 3125
5 5 2 223 2147 25 1 847 3125
5 5 2 1590 2715 10 21 696 3125
5 5 2 341 1804 1 8 1154 3125
5 5 2 50 2582 22 17 2324 3125
5 5 2 782 2747 11 23 472 3125
5 5 2 1308 1389 15 14 797 3125
5 5 2 1162 1825 21 4 1713 3125
5 5 2 2376 3100 20 9 1232 3125
5 5 2 1513 3040 15 22 2337 3125
5 5 2 233 2363 8 16 793 3125
