5 5 4 1214 1561 2709 2874 7 3 4 24 1253 3125
5 5 4 1400 1942 2032 2930 9 9 8 18 660 3125
5 5 4 511 1098 1920 1964 10 18 15 13 715 3125
5 5 4 444 1169 1212 2599 23 12 4 1 1358 3125
5 5 4 927 1537 1789 2291 8 10 19 13 259 3125
5 5 4 16 44 960 1071 14 9 8 20 236 3125
5 5 4 257 617 1101 2325 17 3 8 8 1992 3125
5 5 4 406 674 1010 2082 17 25 1 17 1244 3125
5 5 4 497 797 929 1413 11 3 20 11 1340 3125
5 5 4 10 247 867 1018 21 21 2 5 613 3125
5 5 4 736 1002 1274 2300 22 1 6 22 608 3125
5 5 4 1166 2414 2585 2942 17 17 1 12 285 3125
5 5 4 17 1514 1568 2135 7 22 1 11 1767 3125
5 5 4 886 1854 2022 2442 13 22 21 4 968 3125
5 5 4 253 2074 2525 2753 17 20 11 10 842 3125
5 5 4 118 173 2567 3026 2 4 13 5 89 3125
5 5 4 902 1430 1782 2567 25 6 10 11 1688 3125
5 5 4 1384 1409 2902 2915 5 7 9 2 2526 3125
5 5 4 572 1397 1403 2401 24 7 2 1 464 3125
5 5 4 1071 1142 2684 3020 25 10 16 8 806 3125
