6 3 3 9 41 167 7 11 18 4 216
6 3 3 190 205 211 9 1 18 201 216
6 3 3 29 88 131 7 16 6 101 216
6 3 3 89 94 185 18 18 14 106 216
6 3 3 25 69 146 5 11 1 85 216
6 3 3 1 35 62 9 4 11 52 216
6 3 3 7 98 207 18 14 13 13 216
6 3 3 40 161 189 14 3 13 166 216
6 3 3 16 39 105 16 9 10 32 216
6 3 3 42 94 96 16 12 13 20 216
6 3 3 68 69 96 13 10 2 58 216
6 3 3 134 142 148 13 5 9 51 216
6 3 3 10 24 189 9 17 9 153 216
6 3 3 12 27 202 4 7 8 6 216
6 3 3 115 126 162 3 16 14 160 216
6 3 3 7 113 206 14 10 6 86 216
6 3 3 26 59 91 6 17 14 13 216
6 3 3 80 108 119 11 4 16 35 216
6 3 3 23 76 206 13 18 5 30 216
6 3 3 4 42 168 10 4 18 166 216
