6 3 5 19 57 155 184 211 2 8 9 7 5 152 216
6 3 5 55 60 111 114 142 2 8 3 5 4 80 216
6 3 5 20 23 48 188 192 2 4 2 2 10 37 216
6 3 5 6 15 136 183 213 9 5 8 5 8 65 216
6 3 5 39 76 95 166 196 7 10 5 7 6 135 216
6 3 5 36 98 182 185 200 8 5 9 10 5 118 216
6 3 5 51 56 75 90 158 2 5 6 3 2 81 216
6 3 5 60 82 86 183 184 9 7 8 8 8 147 216
6 3 5 92 124 177 181 202 7 9 2 9 10 33 216
6 3 5 11 73 100 155 206 5 2 7 3 3 186 216
6 3 5 27 31 119 163 208 6 8 7 5 4 24 216
6 3 5 22 80 87 161 181 5 9 10 2 6 76 216
6 3 5 25 43 44 141 154 9 3 3 8 5 146 216
6 3 5 22 65 85 120 204 9 10 8 4 5 82 216
6 3 5 78 115 129 202 206 7 4 8 7 5 108 216
6 3 5 67 72 82 102 128 2 4 7 9 4 104 216
6 3 5 14 64 95 124 188 5 7 5 8 3 130 216
6 3 5 18 48 86 91 138 8 4 5 10 9 63 216
6 3 5 4 17 26 177 195 5 3 5 10 9 69 216
6 3 5 13 121 177 210 211 6 9 8 5 10 126 216
