6 3 2 66 98 11 11 51 216
6 3 2 131 213 17 10 42 216
6 3 2 2 64 8 5 10 216
6 3 2 114 164 7 4 30 216
6 3 2 80 159 17 6 2 216
6 3 2 10 150 2 17 128 216
6 3 2 8 177 3 4 2 216
6 3 2 25 156 2 9 108 216
6 3 2 107 151 17 9 121 216
6 3 2 158 199 13 16 51 216
6 3 2 34 147 11 15 68 216
6 3 2 34 62 8 3 14 216
6 3 2 136 145 8 5 49 216
6 3 2 72 127 6 1 114 216
6 3 2 52 188 13 17 89 216
6 3 2 62 77 4 17 5 216
6 3 2 127 147 13 11 17 216
6 3 2 58 159 10 13 152 216
6 3 2 80 115 16 14 104 216
6 3 2 54 194 1 6 11 216
