6 3 4 9 51 106 138 13 15 11 2 30 216
6 3 4 41 105 127 192 18 2 4 4 101 216
6 3 4 36 79 146 196 5 14 16 4 118 216
6 3 4 79 113 142 206 14 6 17 3 156 216
6 3 4 37 44 60 146 12 14 14 1 43 216
6 3 4 8 111 171 211 1 14 12 9 113 216
6 3 4 27 80 93 163 15 12 3 14 40 216
6 3 4 130 131 164 193 6 5 6 3 102 216
6 3 4 59 86 125 199 18 2 6 1 194 216
6 3 4 56 101 105 209 10 12 7 6 14 216
6 3 4 24 28 96 164 17 8 8 2 129 216
6 3 4 15 72 160 163 7 15 10 12 99 216
6 3 4 5 27 125 200 13 2 5 1 93 216
6 3 4 1 54 81 100 8 3 14 4 5 216
6 3 4 87 90 103 196 13 3 17 16 98 216
6 3 4 13 125 173 188 15 4 7 7 44 216
6 3 4 19 42 96 170 3 14 7 5 113 216
6 3 4 4 109 144 153 4 1 11 3 132 216
6 3 4 24 31 185 199 7 10 5 12 77 216
6 3 4 15 42 102 176 12 2 8 10 111 216
