6 4 2 459 554 19 14 552 1296
6 4 2 485 880 19 4 663 1296
6 4 2 353 810 13 7 184 1296
6 4 2 138 896 5 2 172 1296
6 4 2 151 743 23 6 70 1296
6 4 2 180 229 6 22 149 1296
6 4 2 656 1071 14 15 216 1296
6 4 2 544 937 1 19 706 1296
6 4 2 944 1272 21 2 469 1296
6 4 2 35 928 1 5 618 1296
6 4 2 19 183 20 1 57 1296
6 4 2 436 1015 15 23 198 1296
6 4 2 152 180 21 6 68 1296
6 4 2 26 656 10 2 429 1296
6 4 2 503 928 5 19 824 1296
6 4 2 209 346 23 5 188 1296
6 4 2 443 867 5 5 391 1296
6 4 2 122 315 9 11 13 1296
6 4 2 710 1132 10 10 550 1296
6 4 2 212 361 8 8 219 1296
