6 4 5 236 249 263 821 906 12 4 22 2 17 756 1296
6 4 5 230 475 553 629 1212 5 12 14 19 23 1146 1296
6 4 5 164 229 242 553 1072 24 4 12 7 17 1021 1296
6 4 5 15 379 645 675 1098 18 1 20 16 12 84 1296
6 4 5 59 113 745 917 971 17 5 8 13 20 797 1296
6 4 5 304 314 478 1113 1170 7 4 17 13 7 286 1296
6 4 5 24 271 555 664 818 3 21 23 9 24 762 1296
6 4 5 281 589 858 1035 1057 21 10 14 21 2 155 1296
6 4 5 703 749 1047 1103 1124 11 12 18 12 8 593 1296
6 4 5 645 674 690 1032 1286 13 22 13 13 19 901 1296
6 4 5 80 493 619 697 925 1 24 4 4 8 137 1296
6 4 5 382 730 812 868 908 20 2 1 24 21 432 1296
6 4 5 122 719 772 820 1159 1 23 16 19 16 273 1296
6 4 5 376 510 855 1031 1036 14 5 20 7 4 804 1296
6 4 5 162 320 336 599 1015 19 24 22 17 4 867 1296
6 4 5 139 142 947 1040 1149 18 11 8 17 22 127 1296
6 4 5 155 279 1096 1100 1277 16 10 16 20 20 759 1296
6 4 5 149 240 1080 1172 1215 20 18 9 11 15 592 1296
6 4 5 568 804 881 1043 1052 2 18 6 24 12 498 1296
6 4 5 122 159 217 335 449 20 1 16 16 4 184 1296
