6 4 3 144 414 1104 8 13 5 916 1296
6 4 3 927 1227 1291 20 16 17 864 1296
6 4 3 331 335 762 23 17 4 359 1296
6 4 3 196 429 495 20 5 20 77 1296
6 4 3 581 657 757 6 4 4 482 1296
6 4 3 131 337 1160 23 18 3 351 1296
6 4 3 186 1145 1238 16 4 20 259 1296
6 4 3 331 656 1162 16 3 4 750 1296
6 4 3 468 1094 1128 2 1 3 658 1296
6 4 3 665 766 1151 6 3 6 735 1296
6 4 3 123 313 328 14 23 14 298 1296
6 4 3 207 369 514 23 5 12 513 1296
6 4 3 84 113 1255 22 7 7 120 1296
6 4 3 182 357 499 18 21 15 50 1296
6 4 3 204 749 1074 3 3 7 812 1296
6 4 3 337 735 862 4 18 11 446 1296
6 4 3 691 1035 1057 24 19 5 598 1296
6 4 3 546 701 719 2 8 1 284 1296
6 4 3 60 775 781 1 21 22 522 1296
6 4 3 184 479 1048 9 23 16 507 1296
