6 4 4 240 348 624 980 10 10 3 12 631 1296
6 4 4 372 430 459 985 10 23 6 11 138 1296
6 4 4 147 211 529 1188 13 4 4 1 263 1296
6 4 4 9 532 671 789 2 17 10 11 422 1296
6 4 4 952 1023 1027 1207 20 1 12 14 849 1296
6 4 4 534 1075 1114 1264 3 19 21 12 783 1296
6 4 4 225 576 633 640 4 9 24 10 384 1296
6 4 4 162 805 1177 1246 20 15 14 4 886 1296
6 4 4 269 856 1052 1123 24 3 17 21 77 1296
6 4 4 148 319 784 1258 15 2 16 11 239 1296
6 4 4 332 868 1025 1291 10 1 13 13 774 1296
6 4 4 372 664 789 804 24 24 10 9 280 1296
6 4 4 66 293 1147 1223 24 21 22 8 92 1296
6 4 4 344 378 675 945 20 6 19 23 897 1296
6 4 4 209 913 1147 1159 20 12 8 1 532 1296
6 4 4 158 190 479 903 9 6 15 22 25 1296
6 4 4 403 456 835 898 1 18 6 22 796 1296
6 4 4 577 1016 1083 1130 8 24 20 3 623 1296
6 4 4 28 646 765 902 13 11 5 11 44 1296
6 4 4 305 771 1158 1260 6 6 9 2 987 1296
