6 5 4 2707 4069 4365 5729 6 25 17 13 1475 7776
6 5 4 1099 2492 3151 3268 29 8 14 5 1341 7776
6 5 4 201 400 617 3968 9 18 29 25 238 7776
6 5 4 198 3148 4546 6021 2 12 29 21 5095 7776
6 5 4 221 3587 4491 4549 24 30 26 6 4101 7776
6 5 4 959 5037 5047 5400 4 29 27 9 2469 7776
6 5 4 1187 2814 4687 6955 24 11 12 7 983 7776
6 5 4 223 4843 5591 5639 18 8 26 17 5208 7776
6 5 4 2817 6386 6818 7497 14 22 13 7 3902 7776
6 5 4 309 3994 5351 7496 12 23 20 26 7211 7776
6 5 4 5178 6038 6086 7489 18 7 21 11 7168 7776
6 5 4 1201 1403 3612 6681 15 24 4 24 4747 7776
6 5 4 1970 2283 3916 7640 4 13 22 10 1536 7776
6 5 4 669 961 3725 7657 25 10 6 18 4799 7776
6 5 4 438 1449 5613 7762 15 6 7 19 1201 7776
6 5 4 1712 2864 4000 6015 22 22 28 18 4687 7776
6 5 4 2075 2683 3897 6188 6 6 26 3 4280 7776
6 5 4 298 1200 1370 4474 3 5 26 16 2381 7776
6 5 4 976 2868 2949 5491 21 29 27 16 2338 7776
6 5 4 123 1974 2044 6670 8 3 27 14 745 7776
