6 5 5 1730 2006 2272 5001 5340 13 24 15 26 12 4690 7776
6 5 5 295 727 3307 4890 5173 26 16 13 26 18 115 7776
6 5 5 139 931 3826 5027 7637 12 14 18 17 24 3541 7776
6 5 5 268 1502 2884 5411 6400 7 13 6 30 18 4416 7776
6 5 5 1575 1672 2910 4232 7076 29 3 8 27 4 78 7776
6 5 5 3186 3549 4180 4612 5782 1 4 23 30 4 642 7776
6 5 5 1173 2990 3512 4671 6901 30 17 2 9 25 5224 7776
6 5 5 208 4222 4540 5636 6698 16 5 18 26 17 5904 7776
6 5 5 167 2912 3317 5270 7390 8 19 5 30 24 698 7776
6 5 5 3375 4481 4642 5683 5814 4 11 26 2 24 4412 7776
6 5 5 1937 2015 2808 3493 4081 14 14 18 2 17 3561 7776
6 5 5 695 1630 1701 4928 5577 20 19 24 13 8 2209 7776
6 5 5 317 441 2562 3468 3498 20 18 6 23 11 1623 7776
6 5 5 1229 1822 3110 4055 5862 8 10 15 15 18 135 7776
6 5 5 183 4274 6412 6619 7411 14 22 16 19 19 5430 7776
6 5 5 2274 3621 4603 4795 7660 10 26 10 14 12 5724 7776
6 5 5 1255 1267 2797 3986 4923 1 12 6 29 28 172 7776
6 5 5 1267 1558 3749 4116 6991 25 14 26 16 2 3866 7776
6 5 5 2322 3771 4080 5449 5529 12 11 21 22 12 5090 7776
6 5 5 4011 4693 6206 6410 6570 16 6 23 17 3 814 7776
