6 5 2 4240 6470 27 12 5298 7776
6 5 2 3439 7067 3 24 3430 7776
6 5 2 5086 6441 22 21 4085 7776
6 5 2 1788 6535 26 20 2199 7776
6 5 2 808 6657 12 27 2875 7776
6 5 2 1401 1634 6 21 277 7776
6 5 2 1115 5605 18 10 5316 7776
6 5 2 2583 4093 4 7 2667 7776
6 5 2 1481 4222 19 16 3010 7776
6 5 2 1707 2589 27 19 1142 7776
6 5 2 1269 6527 29 8 5286 7776
6 5 2 5927 6537 24 28 4393 7776
6 5 2 1898 6362 26 4 3878 7776
6 5 2 245 6003 1 24 4722 7776
6 5 2 979 4469 27 11 2517 7776
6 5 2 3893 4693 16 15 3620 7776
6 5 2 3223 7147 14 27 5837 7776
6 5 2 5406 6825 3 24 2122 7776
6 5 2 2919 5903 1 10 5688 7776
6 5 2 4832 6539 11 14 3681 7776
