6 5 3 2457 2685 7307 15 19 29 6200 7776
6 5 3 5683 6747 7373 10 23 8 2900 7776
6 5 3 2802 3880 4793 21 5 4 142 7776
6 5 3 1082 5130 6611 10 15 1 4541 7776
6 5 3 2903 4036 6971 2 19 29 6568 7776
6 5 3 1226 4766 5002 21 12 15 243 7776
6 5 3 2010 4630 7017 16 20 20 1552 7776
6 5 3 4131 4155 4162 10 20 27 914 7776
6 5 3 1380 1897 2788 15 16 14 161 7776
6 5 3 2782 6398 7060 10 16 12 1094 7776
6 5 3 373 6508 7447 26 27 19 6476 7776
6 5 3 887 1089 3584 12 29 5 464 7776
6 5 3 485 3401 3873 5 17 1 1931 7776
6 5 3 1075 2905 3639 21 23 20 1781 7776
6 5 3 611 2950 3359 24 13 6 195 7776
6 5 3 219 2604 5784 30 18 13 1504 7776
6 5 3 2036 4801 6909 28 29 16 5910 7776
6 5 3 839 2252 7033 12 25 11 11 7776
6 5 3 508 1097 6230 23 2 25 4018 7776
6 5 3 162 1435 6438 4 29 28 4681 7776
