2 4 4 1 9 10 12 7 9 5 5 11 16
2 4 4 2 11 12 13 10 7 8 7 5 16
2 4 4 8 9 10 11 5 8 10 9 5 16
2 4 4 6 7 9 13 6 2 5 3 2 16
2 4 4 6 8 11 13 2 4 9 9 3 16
2 4 4 3 5 6 11 9 2 10 8 7 16
2 4 4 1 2 6 14 5 7 2 9 4 16
2 4 4 2 4 9 11 8 3 5 7 7 16
2 4 4 1 7 11 13 6 5 5 9 6 16
2 4 4 5 9 12 14 9 5 3 3 13 16
2 4 4 4 6 10 14 4 9 4 7 2 16
2 4 4 1 7 13 14 5 7 3 6 9 16
2 4 4 5 8 13 14 10 3 3 8 12 16
2 4 4 9 11 12 13 6 5 10 6 3 16
2 4 4 2 6 9 14 5 4 2 4 3 16
2 4 4 7 8 12 13 9 9 5 2 1 16
2 4 4 7 9 10 14 8 9 3 5 5 16
2 4 4 2 3 4 6 9 2 8 5 5 16
2 4 4 2 4 11 12 10 9 8 7 3 16
2 4 4 8 11 12 13 8 3 10 8 1 16
