2 4 5 6 9 10 12 13 8 2 6 10 9 4 16
2 4 5 3 5 6 7 8 3 7 3 7 7 1 16
2 4 5 3 4 5 13 14 8 7 8 9 10 12 16
2 4 5 4 5 8 9 13 4 6 4 4 2 11 16
2 4 5 1 3 6 11 14 2 5 8 6 9 8 16
2 4 5 1 4 9 10 12 6 9 8 3 4 3 16
2 4 5 3 4 5 9 12 3 8 2 2 8 6 16
2 4 5 5 10 12 13 14 5 2 9 8 2 4 16
2 4 5 2 7 8 9 13 9 4 4 2 7 6 16
2 4 5 7 8 10 11 13 2 7 10 10 3 5 16
2 4 5 7 8 9 10 13 2 5 6 9 3 6 16
2 4 5 1 4 5 6 9 7 5 7 2 4 3 16
2 4 5 2 4 5 10 12 6 4 2 4 3 1 16
2 4 5 2 5 9 11 12 2 10 10 3 5 8 16
2 4 5 1 3 5 12 14 7 7 5 10 6 10 16
2 4 5 3 4 10 12 14 8 6 2 8 3 6 16
2 4 5 1 4 9 12 13 7 9 8 2 10 5 16
2 4 5 1 4 6 8 14 5 3 9 10 3 3 16
2 4 5 1 5 9 10 11 6 7 10 3 9 6 16
2 4 5 1 2 6 8 14 6 4 2 5 10 7 16
