2 5 5 7 10 12 19 30 8 9 10 2 8 9 32
2 5 5 12 13 14 16 29 5 2 7 7 8 9 32
2 5 5 16 18 25 26 30 7 10 5 4 3 9 32
2 5 5 10 18 20 22 28 6 3 2 10 3 5 32
2 5 5 11 12 21 22 25 7 8 10 3 4 7 32
2 5 5 2 3 4 6 27 10 5 4 2 7 18 32
2 5 5 1 2 5 16 25 10 4 7 2 7 24 32
2 5 5 1 15 17 19 22 9 8 8 4 4 18 32
2 5 5 2 4 5 11 17 3 5 5 5 4 1 32
2 5 5 2 13 17 18 24 3 9 8 9 5 1 32
2 5 5 4 6 19 26 28 10 2 8 8 4 2 32
2 5 5 7 10 11 18 30 10 2 4 9 4 20 32
2 5 5 4 6 7 11 15 5 4 2 8 9 13 32
2 5 5 2 3 7 17 29 3 5 9 9 8 20 32
2 5 5 1 6 13 20 26 3 10 9 3 2 18 32
2 5 5 3 8 12 18 21 6 8 5 4 2 13 32
2 5 5 7 8 11 15 20 4 3 6 8 4 6 32
2 5 5 1 12 21 26 27 5 4 4 2 6 19 32
2 5 5 1 5 11 14 26 9 5 5 9 7 8 32
2 5 5 5 9 17 23 28 10 5 2 5 7 25 32
