2 5 3 3 13 29 2 2 6 22 32
2 5 3 6 8 24 8 8 6 4 32
2 5 3 11 14 16 7 10 3 10 32
2 5 3 9 12 28 2 6 5 27 32
2 5 3 9 20 22 5 5 2 1 32
2 5 3 4 24 26 9 6 10 13 32
2 5 3 5 24 28 4 8 4 4 32
2 5 3 5 6 9 7 7 10 2 32
2 5 3 11 14 19 8 8 7 6 32
2 5 3 16 28 30 5 8 2 14 32
2 5 3 4 11 30 8 3 5 19 32
2 5 3 18 25 29 9 4 9 26 32
2 5 3 5 9 27 9 9 6 6 32
2 5 3 1 8 17 7 7 6 5 32
2 5 3 20 22 23 7 7 5 15 32
2 5 3 15 17 19 2 9 2 5 32
2 5 3 4 14 15 5 7 9 11 32
2 5 3 10 11 19 7 5 3 8 32
2 5 3 20 21 24 3 8 7 5 32
2 5 3 8 21 28 8 3 5 5 32
