2 5 4 5 18 23 25 3 5 5 7 8 32
2 5 4 2 18 22 26 7 2 7 10 13 32
2 5 4 12 14 19 25 4 3 10 9 18 32
2 5 4 5 6 22 23 6 4 7 2 8 32
2 5 4 2 14 17 29 10 2 5 9 21 32
2 5 4 7 8 9 15 7 8 5 8 3 32
2 5 4 1 4 8 17 9 6 2 8 10 32
2 5 4 8 15 24 27 2 4 8 8 16 32
2 5 4 2 3 4 14 3 4 6 9 12 32
2 5 4 16 21 23 25 6 4 3 7 10 32
2 5 4 13 19 27 28 7 5 4 7 3 32
2 5 4 12 14 17 22 6 6 4 10 21 32
2 5 4 10 15 25 27 4 7 4 9 17 32
2 5 4 4 12 21 25 5 10 4 2 7 32
2 5 4 10 11 14 26 2 10 6 10 1 32
2 5 4 1 11 26 27 4 6 6 5 22 32
2 5 4 3 22 25 28 3 5 3 2 11 32
2 5 4 5 15 16 17 6 5 10 5 12 32
2 5 4 12 16 20 25 10 5 8 5 21 32
2 5 4 5 7 8 28 8 8 6 9 25 32
