3 3 4 16 18 23 24 5 3 9 9 2 27
3 3 4 3 19 24 25 6 7 10 7 14 27
3 3 4 1 4 5 19 10 10 4 8 14 27
3 3 4 8 11 21 24 3 3 4 8 16 27
3 3 4 2 7 16 25 5 8 5 5 3 27
3 3 4 5 10 17 22 8 10 10 9 7 27
3 3 4 1 4 8 16 2 5 7 2 9 27
3 3 4 12 20 21 25 7 6 10 2 4 27
3 3 4 9 13 14 23 6 6 2 7 8 27
3 3 4 9 13 17 22 3 9 8 3 10 27
3 3 4 1 4 17 22 7 4 5 10 5 27
3 3 4 5 7 18 21 2 8 6 7 14 27
3 3 4 9 15 19 25 6 3 6 3 23 27
3 3 4 2 12 16 17 2 4 6 4 9 27
3 3 4 4 9 11 24 8 4 2 4 7 27
3 3 4 2 6 11 16 8 7 2 2 14 27
3 3 4 1 4 8 14 2 4 6 5 2 27
3 3 4 2 7 12 16 9 4 7 8 14 27
3 3 4 2 9 11 23 4 7 5 3 10 27
3 3 4 5 14 18 22 5 8 2 6 16 27
