3 3 3 10 22 24 7 5 7 1 27
3 3 3 8 15 20 8 2 8 19 27
3 3 3 4 17 25 7 9 7 9 27
3 3 3 5 10 13 4 10 4 12 27
3 3 3 16 20 23 2 3 9 1 27
3 3 3 4 16 25 4 8 7 23 27
3 3 3 5 12 23 8 6 7 1 27
3 3 3 1 3 12 3 7 8 6 27
3 3 3 2 8 18 2 4 6 7 27
3 3 3 6 8 19 9 10 6 15 27
3 3 3 4 9 20 9 10 6 18 27
3 3 3 1 4 13 6 7 3 9 27
3 3 3 1 16 17 3 5 8 15 27
3 3 3 3 4 25 5 4 4 16 27
3 3 3 12 20 23 6 6 9 8 27
3 3 3 1 2 15 5 10 9 13 27
3 3 3 1 13 18 8 3 7 2 27
3 3 3 3 8 11 9 4 8 9 27
3 3 3 17 18 24 3 8 3 15 27
3 3 3 5 6 24 3 9 9 18 27
