3 4 4 39 51 69 77 8 5 4 9 19 81
3 4 4 32 33 52 77 6 3 7 6 38 81
3 4 4 27 28 34 68 9 10 2 8 60 81
3 4 4 1 41 46 77 9 4 9 10 23 81
3 4 4 10 34 56 58 8 9 9 6 17 81
3 4 4 6 23 48 69 10 8 3 6 45 81
3 4 4 12 16 49 52 7 2 10 7 5 81
3 4 4 2 33 40 79 8 8 6 5 1 81
3 4 4 4 11 35 73 3 7 6 7 3 81
3 4 4 12 32 43 49 3 10 2 9 44 81
3 4 4 9 33 40 59 4 4 10 8 19 81
3 4 4 11 12 44 50 4 2 10 8 19 81
3 4 4 1 54 58 62 7 6 6 4 56 81
3 4 4 5 41 53 78 6 8 5 9 74 81
3 4 4 7 23 43 70 10 3 3 8 47 81
3 4 4 10 56 67 79 2 10 2 7 71 81
3 4 4 4 41 63 67 5 6 4 8 31 81
3 4 4 6 24 51 77 8 7 6 4 46 81
3 4 4 29 37 45 59 4 5 8 4 26 81
3 4 4 8 23 30 73 5 5 10 4 15 81
