3 4 3 29 37 60 8 6 8 14 81
3 4 3 52 67 78 9 4 10 8 81
3 4 3 1 48 79 9 8 3 32 81
3 4 3 25 65 79 9 10 8 48 81
3 4 3 32 53 68 9 4 8 62 81
3 4 3 25 46 56 6 10 3 41 81
3 4 3 2 30 51 9 5 3 9 81
3 4 3 38 52 73 8 5 10 15 81
3 4 3 44 59 65 7 10 6 28 81
3 4 3 10 19 56 5 9 5 22 81
3 4 3 22 32 63 4 7 6 1 81
3 4 3 50 59 73 7 4 3 5 81
3 4 3 15 28 49 8 4 3 3 81
3 4 3 22 51 63 2 10 8 61 81
3 4 3 42 59 72 9 4 8 40 81
3 4 3 31 50 55 10 5 10 16 81
3 4 3 7 37 47 6 6 9 16 81
3 4 3 3 4 22 9 10 2 10 81
3 4 3 10 24 46 8 4 4 8 81
3 4 3 26 27 39 5 10 9 14 81
