3 5 3 123 194 223 8 10 3 117 243
3 5 3 80 107 167 8 6 10 139 243
3 5 3 115 160 174 5 10 2 158 243
3 5 3 69 116 223 8 10 9 27 243
3 5 3 111 219 233 4 6 5 77 243
3 5 3 57 183 184 8 2 5 19 243
3 5 3 155 193 212 3 5 7 140 243
3 5 3 36 81 156 2 2 10 80 243
3 5 3 78 120 137 5 5 8 19 243
3 5 3 1 28 88 3 8 2 70 243
3 5 3 178 188 238 6 3 6 201 243
3 5 3 115 189 232 7 6 8 93 243
3 5 3 30 63 113 9 6 10 79 243
3 5 3 5 57 236 7 9 10 51 243
3 5 3 1 167 185 8 6 10 160 243
3 5 3 37 170 177 9 9 5 74 243
3 5 3 10 157 219 5 4 2 123 243
3 5 3 19 79 227 10 5 2 143 243
3 5 3 20 118 136 9 3 4 113 243
3 5 3 47 132 222 3 4 6 35 243
