3 5 5 27 55 122 170 217 3 10 5 6 7 109 243
3 5 5 10 57 58 72 193 4 3 10 6 10 81 243
3 5 5 146 179 196 215 239 3 4 7 9 9 128 243
3 5 5 16 139 172 181 229 6 7 3 7 4 176 243
3 5 5 16 84 92 97 134 5 10 5 4 4 23 243
3 5 5 31 85 217 231 233 6 3 3 6 7 38 243
3 5 5 14 60 106 136 228 7 9 8 6 3 152 243
3 5 5 82 109 133 178 237 4 8 5 10 4 80 243
3 5 5 115 119 125 140 188 10 6 5 9 6 124 243
3 5 5 49 63 75 90 201 9 4 3 6 4 8 243
3 5 5 43 125 151 160 231 7 8 10 10 3 180 243
3 5 5 49 76 105 122 226 5 3 9 6 7 111 243
3 5 5 9 70 89 171 192 10 8 9 2 8 88 243
3 5 5 6 150 188 191 231 6 10 8 4 10 181 243
3 5 5 14 69 80 100 140 6 6 2 7 6 110 243
3 5 5 20 30 107 156 214 3 3 2 5 2 24 243
3 5 5 13 40 44 45 145 2 8 8 6 2 39 243
3 5 5 33 64 134 189 213 7 7 5 3 4 49 243
3 5 5 102 176 181 218 224 5 7 9 7 10 11 243
3 5 5 15 21 76 90 103 8 3 7 2 8 16 243
