3 5 4 19 33 144 213 8 2 2 10 128 243
3 5 4 70 149 204 232 2 2 4 3 57 243
3 5 4 5 72 172 213 6 9 3 8 120 243
3 5 4 24 117 164 182 5 8 2 9 131 243
3 5 4 44 93 99 165 5 10 2 8 90 243
3 5 4 39 85 180 193 10 7 8 4 35 243
3 5 4 7 134 147 178 5 2 8 8 150 243
3 5 4 10 17 203 224 2 5 5 3 83 243
3 5 4 64 108 154 231 3 10 10 8 197 243
3 5 4 157 189 230 240 7 8 6 10 188 243
3 5 4 55 57 143 214 4 8 4 8 27 243
3 5 4 18 21 212 228 7 2 8 9 135 243
3 5 4 100 136 196 238 2 4 3 8 169 243
3 5 4 37 66 199 234 2 9 4 5 231 243
3 5 4 19 35 130 153 2 6 7 10 58 243
3 5 4 11 182 198 227 4 6 10 6 193 243
3 5 4 90 143 155 237 9 8 10 5 21 243
3 5 4 129 150 170 218 6 2 4 6 106 243
3 5 4 67 113 132 221 6 8 6 10 96 243
3 5 4 60 61 67 137 6 9 6 2 80 243
