4 3 5 14 20 23 38 50 5 8 5 9 7 2 64
4 3 5 13 32 35 39 62 2 8 5 5 3 43 64
4 3 5 5 11 12 14 33 10 7 2 5 3 23 64
4 3 5 7 9 11 36 45 10 5 9 4 7 1 64
4 3 5 10 23 51 52 59 9 2 7 7 5 34 64
4 3 5 15 18 26 40 45 4 8 8 7 6 19 64
4 3 5 15 17 22 28 38 2 10 6 9 3 35 64
4 3 5 10 22 24 29 33 5 7 6 6 3 14 64
4 3 5 4 8 39 57 60 9 2 10 4 7 14 64
4 3 5 10 19 52 54 61 3 3 7 9 9 33 64
4 3 5 3 22 24 44 47 4 8 4 5 10 28 64
4 3 5 3 12 19 41 43 8 8 2 6 2 22 64
4 3 5 4 7 9 39 54 5 4 5 6 10 40 64
4 3 5 31 46 49 53 57 7 6 8 2 8 8 64
4 3 5 4 5 28 32 58 6 4 2 6 10 13 64
4 3 5 6 10 22 31 34 3 2 3 5 9 1 64
4 3 5 4 7 11 35 41 3 6 10 2 9 40 64
4 3 5 10 26 44 47 56 9 8 4 2 5 49 64
4 3 5 23 36 40 50 61 8 8 5 5 7 41 64
4 3 5 21 27 35 55 60 2 6 3 6 7 13 64
