4 3 4 10 31 35 62 5 9 8 10 29 64
4 3 4 11 20 25 38 4 5 9 2 17 64
4 3 4 9 36 44 47 10 8 7 9 30 64
4 3 4 12 13 16 26 2 4 5 4 24 64
4 3 4 3 33 46 51 7 4 4 8 19 64
4 3 4 10 24 41 45 6 6 5 3 20 64
4 3 4 16 20 33 54 7 9 9 4 31 64
4 3 4 30 31 34 45 9 7 4 10 21 64
4 3 4 11 17 24 42 8 4 6 9 38 64
4 3 4 11 21 49 55 5 8 9 3 35 64
4 3 4 32 33 44 47 10 4 8 9 19 64
4 3 4 3 26 29 53 7 10 7 10 49 64
4 3 4 3 8 9 62 2 10 3 9 52 64
4 3 4 5 32 59 60 5 8 2 7 20 64
4 3 4 8 25 49 53 4 6 4 9 6 64
4 3 4 22 28 31 35 10 8 7 4 12 64
4 3 4 3 18 28 34 5 10 9 5 20 64
4 3 4 2 5 46 56 5 8 8 3 29 64
4 3 4 4 21 40 50 5 5 10 8 24 64
4 3 4 7 15 36 46 2 6 2 10 41 64
