4 4 3 35 114 159 4 6 5 40 256
4 4 3 8 195 219 4 4 4 108 256
4 4 3 37 155 179 7 7 3 48 256
4 4 3 66 160 194 7 10 3 1 256
4 4 3 84 112 120 7 3 10 62 256
4 4 3 49 148 150 2 8 10 29 256
4 4 3 94 150 202 3 8 2 34 256
4 4 3 57 68 231 7 2 6 3 256
4 4 3 8 81 182 8 3 7 94 256
4 4 3 20 200 233 5 8 10 173 256
4 4 3 30 174 225 5 10 6 164 256
4 4 3 2 83 94 7 8 5 42 256
4 4 3 187 230 241 9 4 8 137 256
4 4 3 61 105 211 4 3 4 205 256
4 4 3 50 124 197 5 8 9 187 256
4 4 3 51 167 184 10 2 9 24 256
4 4 3 100 102 135 8 10 2 15 256
4 4 3 116 178 189 4 8 2 70 256
4 4 3 1 64 231 6 7 3 208 256
4 4 3 127 162 185 4 8 8 97 256
