4 5 4 31 629 851 987 2 2 7 3 589 1024
4 5 4 220 493 535 594 6 7 7 9 435 1024
4 5 4 462 503 724 844 4 3 7 7 63 1024
4 5 4 254 689 874 945 9 3 3 3 95 1024
4 5 4 198 449 756 917 8 7 8 9 311 1024
4 5 4 632 748 988 990 6 4 7 6 520 1024
4 5 4 212 367 956 976 10 7 7 5 426 1024
4 5 4 95 149 256 334 8 8 5 7 37 1024
4 5 4 447 554 871 959 7 3 4 6 399 1024
4 5 4 2 192 353 853 2 4 7 3 558 1024
4 5 4 336 471 553 699 2 5 7 10 430 1024
4 5 4 497 511 816 928 6 5 2 5 612 1024
4 5 4 451 649 733 804 9 6 4 3 732 1024
4 5 4 309 481 556 831 5 2 8 10 3 1024
4 5 4 167 210 694 919 2 7 3 9 238 1024
4 5 4 56 583 593 600 10 2 9 10 392 1024
4 5 4 381 470 516 584 4 10 6 2 95 1024
4 5 4 61 75 344 346 10 3 5 8 311 1024
4 5 4 315 387 499 991 6 5 5 10 117 1024
4 5 4 217 293 914 967 3 3 7 7 933 1024
