4 5 3 116 277 385 7 8 9 348 1024
4 5 3 33 332 508 6 4 8 190 1024
4 5 3 102 148 238 8 9 5 196 1024
4 5 3 259 336 731 7 6 2 346 1024
4 5 3 224 371 573 5 6 4 450 1024
4 5 3 389 966 1008 8 3 10 667 1024
4 5 3 183 246 378 9 7 6 137 1024
4 5 3 443 461 1015 6 10 6 388 1024
4 5 3 51 793 972 7 4 2 394 1024
4 5 3 85 227 852 2 8 3 580 1024
4 5 3 335 588 985 10 3 3 31 1024
4 5 3 86 288 697 5 2 7 408 1024
4 5 3 254 359 988 2 8 4 889 1024
4 5 3 284 367 836 5 7 5 116 1024
4 5 3 170 440 890 5 4 3 791 1024
4 5 3 262 659 682 9 4 8 532 1024
4 5 3 89 557 738 6 4 4 671 1024
4 5 3 161 902 979 5 7 2 400 1024
4 5 3 312 667 677 10 5 9 279 1024
4 5 3 203 489 940 8 8 3 562 1024
