4 5 2 524 802 10 8 289 1024
4 5 2 470 489 3 2 404 1024
4 5 2 219 752 9 2 491 1024
4 5 2 146 214 5 4 8 1024
4 5 2 560 632 5 10 313 1024
4 5 2 51 72 6 5 59 1024
4 5 2 551 608 3 4 20 1024
4 5 2 312 495 10 4 319 1024
4 5 2 777 939 4 10 806 1024
4 5 2 393 657 8 8 291 1024
4 5 2 274 861 6 2 202 1024
4 5 2 354 1004 6 8 293 1024
4 5 2 197 836 10 4 817 1024
4 5 2 641 877 6 7 80 1024
4 5 2 620 634 9 3 334 1024
4 5 2 763 797 4 6 267 1024
4 5 2 30 59 9 7 52 1024
4 5 2 72 220 3 10 119 1024
4 5 2 8 743 9 6 565 1024
4 5 2 342 366 6 6 180 1024
