5 3 5 9 18 56 67 119 10 8 2 8 3 112 125
5 3 5 14 26 38 60 62 6 5 9 3 7 53 125
5 3 5 37 41 47 61 102 10 10 7 9 4 85 125
5 3 5 17 86 105 108 112 3 7 5 6 9 92 125
5 3 5 4 24 45 75 117 4 8 7 3 4 101 125
5 3 5 24 46 80 86 119 2 4 3 8 7 3 125
5 3 5 27 47 57 72 90 2 8 8 7 4 35 125
5 3 5 6 18 55 98 121 2 4 2 9 6 106 125
5 3 5 26 48 56 86 109 9 8 6 10 3 101 125
5 3 5 34 39 85 104 120 10 10 8 6 10 100 125
5 3 5 1 22 46 66 97 4 2 9 2 6 62 125
5 3 5 11 46 65 87 118 10 10 5 7 6 5 125
5 3 5 18 29 49 68 98 4 5 10 8 3 9 125
5 3 5 18 30 53 102 111 5 8 5 2 9 50 125
5 3 5 30 33 53 70 118 5 6 7 3 9 31 125
5 3 5 19 39 66 91 95 5 2 2 4 4 74 125
5 3 5 7 46 50 61 92 6 10 7 6 5 18 125
5 3 5 18 25 28 81 117 4 5 4 5 5 69 125
5 3 5 3 6 39 54 60 6 5 10 8 9 59 125
5 3 5 59 67 81 91 120 9 9 10 9 5 92 125
