5 3 4 30 71 109 111 4 6 10 8 41 125
5 3 4 50 52 114 123 10 6 3 10 1 125
5 3 4 58 88 90 111 8 5 9 7 72 125
5 3 4 64 80 93 117 4 3 3 6 27 125
5 3 4 10 24 40 55 10 3 5 10 22 125
5 3 4 65 66 88 108 10 7 6 7 103 125
5 3 4 56 77 104 117 5 7 5 7 47 125
5 3 4 2 53 64 99 9 9 5 9 81 125
5 3 4 11 28 63 95 6 6 10 2 3 125
5 3 4 37 42 47 91 8 3 2 9 83 125
5 3 4 31 105 106 108 8 2 3 2 91 125
5 3 4 53 62 112 121 3 9 9 10 18 125
5 3 4 6 33 93 119 5 2 4 4 80 125
5 3 4 3 52 89 108 7 5 2 9 2 125
5 3 4 56 104 115 117 5 8 10 2 43 125
5 3 4 10 26 83 114 10 2 8 9 39 125
5 3 4 11 13 44 73 3 7 7 2 31 125
5 3 4 13 62 96 102 7 4 4 8 31 125
5 3 4 23 67 105 118 6 5 9 7 106 125
5 3 4 12 24 49 72 4 3 4 6 36 125
