5 4 2 134 603 8 8 269 625
5 4 2 63 337 8 5 265 625
5 4 2 321 490 7 2 163 625
5 4 2 211 384 3 8 159 625
5 4 2 129 505 8 9 297 625
5 4 2 19 147 6 5 35 625
5 4 2 531 549 3 2 26 625
5 4 2 372 609 10 10 261 625
5 4 2 202 492 6 7 287 625
5 4 2 88 275 7 4 172 625
5 4 2 306 308 7 9 145 625
5 4 2 132 471 5 8 31 625
5 4 2 312 520 7 4 92 625
5 4 2 451 571 8 5 435 625
5 4 2 146 327 10 2 160 625
5 4 2 111 532 9 10 378 625
5 4 2 306 408 10 2 219 625
5 4 2 16 412 4 9 86 625
5 4 2 468 486 7 6 278 625
5 4 2 474 584 8 6 49 625
