5 4 5 70 304 333 356 430 3 9 4 5 9 221 625
5 4 5 31 182 257 308 607 9 10 7 5 3 218 625
5 4 5 189 352 461 490 566 5 10 10 7 2 2 625
5 4 5 165 508 520 536 599 9 10 6 3 5 321 625
5 4 5 24 106 191 286 442 3 8 2 7 5 126 625
5 4 5 35 47 154 304 425 4 3 5 2 3 91 625
5 4 5 36 242 249 408 516 5 10 7 9 10 223 625
5 4 5 81 172 178 352 602 8 8 3 7 9 317 625
5 4 5 99 208 313 341 506 4 6 7 10 5 248 625
5 4 5 59 91 304 420 563 7 4 8 6 10 122 625
5 4 5 25 221 225 345 402 2 4 8 8 4 180 625
5 4 5 131 318 363 365 559 8 6 2 9 3 226 625
5 4 5 46 326 350 434 548 2 7 3 5 5 355 625
5 4 5 22 47 401 457 587 7 6 3 4 9 51 625
5 4 5 46 58 96 428 484 6 7 7 10 9 478 625
5 4 5 40 56 270 352 529 2 6 5 6 7 262 625
5 4 5 8 47 233 356 457 7 7 3 7 2 215 625
5 4 5 257 386 401 448 504 8 3 4 9 4 70 625
5 4 5 155 237 266 338 442 7 2 8 5 2 280 625
5 4 5 70 93 99 573 616 6 9 9 8 8 274 625
