5 4 4 109 161 467 596 3 3 10 10 500 625
5 4 4 294 297 466 494 7 7 8 8 251 625
5 4 4 237 390 565 591 7 10 3 9 380 625
5 4 4 171 266 482 500 2 10 3 8 305 625
5 4 4 87 134 237 613 4 4 2 10 281 625
5 4 4 31 196 342 454 4 10 5 6 312 625
5 4 4 150 272 402 604 5 2 4 5 120 625
5 4 4 242 265 336 578 4 4 10 3 164 625
5 4 4 103 324 389 575 8 7 3 4 469 625
5 4 4 54 127 272 617 3 3 9 9 4 625
5 4 4 409 517 521 567 4 7 6 5 40 625
5 4 4 146 331 344 607 7 8 2 8 59 625
5 4 4 70 90 276 579 7 4 5 7 307 625
5 4 4 13 46 172 515 3 8 10 3 418 625
5 4 4 150 464 507 536 10 5 10 5 300 625
5 4 4 246 336 485 587 9 9 6 3 13 625
5 4 4 63 185 285 620 10 8 10 7 253 625
5 4 4 39 411 452 623 5 5 2 3 618 625
5 4 4 24 280 314 619 4 4 7 7 7 625
5 4 4 19 195 295 451 2 2 7 2 402 625
