5 5 2 817 1590 5 10 347 3125
5 5 2 2488 2554 5 8 1451 3125
5 5 2 186 523 6 4 410 3125
5 5 2 1334 1706 2 6 1563 3125
5 5 2 1210 2028 3 2 853 3125
5 5 2 1291 2120 9 7 69 3125
5 5 2 1968 2250 8 6 596 3125
5 5 2 136 466 4 10 231 3125
5 5 2 883 2488 10 8 1301 3125
5 5 2 1864 2758 7 4 2228 3125
5 5 2 223 2147 7 3 847 3125
5 5 2 1590 2715 5 6 696 3125
5 5 2 341 1804 3 8 1154 3125
5 5 2 50 2582 5 4 2324 3125
5 5 2 782 2747 8 3 472 3125
5 5 2 1308 1389 10 9 797 3125
5 5 2 1162 1825 4 3 1713 3125
5 5 2 2376 3100 3 2 1232 3125
5 5 2 1513 3040 5 7 2337 3125
5 5 2 233 2363 5 3 793 3125
