5 5 4 1214 1561 2709 2874 9 3 5 5 1253 3125
5 5 4 1400 1942 2032 2930 10 4 4 9 660 3125
5 5 4 511 1098 1920 1964 9 5 2 8 715 3125
5 5 4 444 1169 1212 2599 2 2 8 5 1358 3125
5 5 4 927 1537 1789 2291 4 8 3 5 259 3125
5 5 4 16 44 960 1071 3 8 3 10 236 3125
5 5 4 257 617 1101 2325 10 4 7 3 1992 3125
5 5 4 406 674 1010 2082 2 4 10 6 1244 3125
5 5 4 497 797 929 1413 5 2 5 8 1340 3125
5 5 4 10 247 867 1018 6 7 4 7 613 3125
5 5 4 736 1002 1274 2300 9 3 2 6 608 3125
5 5 4 1166 2414 2585 2942 8 10 8 5 285 3125
5 5 4 17 1514 1568 2135 9 4 7 5 1767 3125
5 5 4 886 1854 2022 2442 9 2 5 5 968 3125
5 5 4 253 2074 2525 2753 8 2 9 10 842 3125
5 5 4 118 173 2567 3026 7 5 10 2 89 3125
5 5 4 902 1430 1782 2567 4 6 7 4 1688 3125
5 5 4 1384 1409 2902 2915 6 6 10 4 2526 3125
5 5 4 572 1397 1403 2401 3 4 3 9 464 3125
5 5 4 1071 1142 2684 3020 5 10 2 9 806 3125
