6 3 4 9 51 106 138 3 4 9 9 30 216
6 3 4 41 105 127 192 7 10 8 8 101 216
6 3 4 36 79 146 196 7 8 8 8 118 216
6 3 4 79 113 142 206 10 8 3 7 156 216
6 3 4 37 44 60 146 5 7 6 6 43 216
6 3 4 8 111 171 211 8 6 10 5 113 216
6 3 4 27 80 93 163 3 7 7 4 40 216
6 3 4 130 131 164 193 4 10 9 5 102 216
6 3 4 59 86 125 199 8 3 4 4 194 216
6 3 4 56 101 105 209 4 7 6 8 14 216
6 3 4 24 28 96 164 8 6 10 9 129 216
6 3 4 15 72 160 163 7 5 6 6 99 216
6 3 4 5 27 125 200 9 4 7 2 93 216
6 3 4 1 54 81 100 10 4 9 2 5 216
6 3 4 87 90 103 196 5 2 6 10 98 216
6 3 4 13 125 173 188 8 10 3 4 44 216
6 3 4 19 42 96 170 6 4 7 7 113 216
6 3 4 4 109 144 153 7 5 10 7 132 216
6 3 4 24 31 185 199 6 8 2 2 77 216
6 3 4 15 42 102 176 3 7 8 3 111 216
