6 4 3 144 414 1104 4 8 9 916 1296
6 4 3 927 1227 1291 8 8 8 864 1296
6 4 3 331 335 762 2 5 4 359 1296
6 4 3 196 429 495 3 2 5 77 1296
6 4 3 581 657 757 10 9 5 482 1296
6 4 3 131 337 1160 7 5 4 351 1296
6 4 3 186 1145 1238 9 7 10 259 1296
6 4 3 331 656 1162 10 2 9 750 1296
6 4 3 468 1094 1128 2 9 8 658 1296
6 4 3 665 766 1151 6 5 4 735 1296
6 4 3 123 313 328 9 4 9 298 1296
6 4 3 207 369 514 2 3 9 513 1296
6 4 3 84 113 1255 10 2 2 120 1296
6 4 3 182 357 499 2 3 3 50 1296
6 4 3 204 749 1074 8 8 5 812 1296
6 4 3 337 735 862 7 6 8 446 1296
6 4 3 691 1035 1057 7 10 7 598 1296
6 4 3 546 701 719 9 10 9 284 1296
6 4 3 60 775 781 5 10 6 522 1296
6 4 3 184 479 1048 9 6 4 507 1296
