6 4 5 236 249 263 821 906 3 9 9 7 4 756 1296
6 4 5 230 475 553 629 1212 8 4 4 3 7 1146 1296
6 4 5 164 229 242 553 1072 8 8 9 4 9 1021 1296
6 4 5 15 379 645 675 1098 8 8 9 10 5 84 1296
6 4 5 59 113 745 917 971 6 3 3 3 8 797 1296
6 4 5 304 314 478 1113 1170 8 4 9 4 7 286 1296
6 4 5 24 271 555 664 818 8 7 9 6 3 762 1296
6 4 5 281 589 858 1035 1057 5 5 5 8 6 155 1296
6 4 5 703 749 1047 1103 1124 4 5 8 7 10 593 1296
6 4 5 645 674 690 1032 1286 9 6 8 4 8 901 1296
6 4 5 80 493 619 697 925 2 5 8 6 5 137 1296
6 4 5 382 730 812 868 908 8 5 9 8 2 432 1296
6 4 5 122 719 772 820 1159 8 4 10 9 5 273 1296
6 4 5 376 510 855 1031 1036 8 4 6 6 2 804 1296
6 4 5 162 320 336 599 1015 2 7 8 10 5 867 1296
6 4 5 139 142 947 1040 1149 5 4 2 10 6 127 1296
6 4 5 155 279 1096 1100 1277 5 4 10 10 3 759 1296
6 4 5 149 240 1080 1172 1215 3 3 8 3 7 592 1296
6 4 5 568 804 881 1043 1052 5 5 9 2 6 498 1296
6 4 5 122 159 217 335 449 10 4 2 10 5 184 1296
