6 4 2 459 554 5 6 552 1296
6 4 2 485 880 7 8 663 1296
6 4 2 353 810 10 3 184 1296
6 4 2 138 896 3 3 172 1296
6 4 2 151 743 7 3 70 1296
6 4 2 180 229 8 8 149 1296
6 4 2 656 1071 6 5 216 1296
6 4 2 544 937 10 2 706 1296
6 4 2 944 1272 3 5 469 1296
6 4 2 35 928 4 7 618 1296
6 4 2 19 183 5 10 57 1296
6 4 2 436 1015 10 2 198 1296
6 4 2 152 180 8 8 68 1296
6 4 2 26 656 7 8 429 1296
6 4 2 503 928 8 7 824 1296
6 4 2 209 346 10 3 188 1296
6 4 2 443 867 10 4 391 1296
6 4 2 122 315 3 4 13 1296
6 4 2 710 1132 3 4 550 1296
6 4 2 212 361 6 4 219 1296
