6 5 2 4240 6470 9 8 5298 7776
6 5 2 3439 7067 3 10 3430 7776
6 5 2 5086 6441 6 5 4085 7776
6 5 2 1788 6535 9 10 2199 7776
6 5 2 808 6657 7 7 2875 7776
6 5 2 1401 1634 6 7 277 7776
6 5 2 1115 5605 3 5 5316 7776
6 5 2 2583 4093 3 2 2667 7776
6 5 2 1481 4222 10 3 3010 7776
6 5 2 1707 2589 2 10 1142 7776
6 5 2 1269 6527 9 8 5286 7776
6 5 2 5927 6537 4 2 4393 7776
6 5 2 1898 6362 8 10 3878 7776
6 5 2 245 6003 9 6 4722 7776
6 5 2 979 4469 9 3 2517 7776
6 5 2 3893 4693 9 3 3620 7776
6 5 2 3223 7147 8 7 5837 7776
6 5 2 5406 6825 2 10 2122 7776
6 5 2 2919 5903 4 10 5688 7776
6 5 2 4832 6539 10 3 3681 7776
