4 3 3 9 32 38 2 10 8 17 64
4 3 3 1 28 36 2 10 2 33 64
4 3 3 7 31 36 2 3 7 20 64
4 3 3 32 48 60 5 7 8 30 64
4 3 3 11 17 25 3 6 7 20 64
4 3 3 3 36 61 3 4 10 5 64
4 3 3 14 19 49 2 6 3 44 64
4 3 3 26 28 45 4 4 6 38 64
4 3 3 3 28 60 5 6 10 1 64
4 3 3 55 57 58 10 10 3 11 64
4 3 3 9 35 38 4 6 10 16 64
4 3 3 8 21 60 10 9 2 11 64
4 3 3 38 49 62 9 9 4 32 64
4 3 3 4 7 36 3 9 10 24 64
4 3 3 10 17 58 2 8 9 36 64
4 3 3 6 13 29 9 5 6 17 64
4 3 3 18 19 57 10 9 6 5 64
4 3 3 38 59 62 9 5 10 47 64
4 3 3 33 46 62 10 5 2 26 64
4 3 3 11 12 39 10 2 5 4 64
