4 4 5 54 65 71 88 182 8 3 9 4 3 133 256
4 4 5 125 134 138 191 211 10 4 6 5 4 109 256
4 4 5 12 43 53 74 118 4 5 10 9 6 110 256
4 4 5 62 139 172 174 220 7 2 9 9 4 175 256
4 4 5 8 26 113 147 153 7 6 10 5 5 67 256
4 4 5 76 90 149 152 242 5 3 3 4 10 179 256
4 4 5 3 66 82 216 232 2 2 9 2 8 176 256
4 4 5 84 97 98 145 146 6 3 8 9 2 34 256
4 4 5 23 56 64 150 225 9 5 10 9 9 200 256
4 4 5 105 185 194 199 204 6 8 4 7 3 122 256
4 4 5 104 136 197 244 246 6 4 4 9 2 65 256
4 4 5 35 44 51 71 101 10 5 9 3 6 92 256
4 4 5 22 188 222 231 244 8 9 2 6 6 223 256
4 4 5 87 146 178 193 230 5 4 8 6 5 188 256
4 4 5 9 117 139 172 216 5 8 8 3 10 168 256
4 4 5 91 117 144 146 180 3 3 3 3 10 26 256
4 4 5 13 98 115 201 229 4 3 4 6 9 198 256
4 4 5 93 143 147 172 224 3 3 6 6 10 50 256
4 4 5 37 104 138 184 191 6 4 8 2 7 105 256
4 4 5 115 150 196 224 250 6 7 8 9 5 104 256
