5 5 3 2222 3015 3103 6 10 6 2449 3125
5 5 3 1312 1589 2175 7 9 7 517 3125
5 5 3 1084 1407 1576 9 7 8 1153 3125
5 5 3 972 1631 1774 6 9 4 1123 3125
5 5 3 1443 1864 2235 5 10 9 1033 3125
5 5 3 199 452 2195 3 10 4 1766 3125
5 5 3 826 1954 2055 2 9 9 776 3125
5 5 3 251 1633 2073 2 6 9 1068 3125
5 5 3 363 2174 2500 5 8 5 2353 3125
5 5 3 228 1781 2883 6 8 5 2008 3125
5 5 3 218 2192 2782 10 8 5 921 3125
5 5 3 490 1579 2886 7 5 9 1338 3125
5 5 3 64 442 1932 3 10 9 1600 3125
5 5 3 2269 2832 2833 6 4 4 917 3125
5 5 3 1287 1853 2091 2 8 5 1226 3125
5 5 3 1256 1951 2327 4 5 8 2170 3125
5 5 3 873 2648 2741 3 7 6 1983 3125
5 5 3 224 365 509 6 6 9 154 3125
5 5 3 1756 2106 2586 8 9 2 2024 3125
5 5 3 841 1379 1504 4 2 10 184 3125
