6 3 3 9 41 167 10 10 10 4 216
6 3 3 190 205 211 7 3 5 201 216
6 3 3 29 88 131 9 2 9 101 216
6 3 3 89 94 185 2 5 3 106 216
6 3 3 25 69 146 3 3 7 85 216
6 3 3 1 35 62 7 6 4 52 216
6 3 3 7 98 207 2 3 10 13 216
6 3 3 40 161 189 3 7 9 166 216
6 3 3 16 39 105 2 10 5 32 216
6 3 3 42 94 96 4 5 3 20 216
6 3 3 68 69 96 2 9 9 58 216
6 3 3 134 142 148 5 9 8 51 216
6 3 3 10 24 189 4 6 10 153 216
6 3 3 12 27 202 10 10 10 6 216
6 3 3 115 126 162 10 6 2 160 216
6 3 3 7 113 206 7 6 5 86 216
6 3 3 26 59 91 3 8 7 13 216
6 3 3 80 108 119 6 6 5 35 216
6 3 3 23 76 206 10 9 9 30 216
6 3 3 4 42 168 6 10 6 166 216
