6 4 4 240 348 624 980 6 7 5 9 631 1296
6 4 4 372 430 459 985 4 10 5 9 138 1296
6 4 4 147 211 529 1188 2 10 6 8 263 1296
6 4 4 9 532 671 789 3 4 2 5 422 1296
6 4 4 952 1023 1027 1207 2 10 10 6 849 1296
6 4 4 534 1075 1114 1264 7 5 9 4 783 1296
6 4 4 225 576 633 640 8 5 9 6 384 1296
6 4 4 162 805 1177 1246 2 3 7 6 886 1296
6 4 4 269 856 1052 1123 9 2 3 10 77 1296
6 4 4 148 319 784 1258 4 4 4 3 239 1296
6 4 4 332 868 1025 1291 10 5 10 5 774 1296
6 4 4 372 664 789 804 9 3 2 6 280 1296
6 4 4 66 293 1147 1223 2 2 6 9 92 1296
6 4 4 344 378 675 945 7 2 9 5 897 1296
6 4 4 209 913 1147 1159 10 5 4 10 532 1296
6 4 4 158 190 479 903 8 4 2 7 25 1296
6 4 4 403 456 835 898 10 7 9 6 796 1296
6 4 4 577 1016 1083 1130 9 3 5 5 623 1296
6 4 4 28 646 765 902 2 2 3 8 44 1296
6 4 4 305 771 1158 1260 6 5 5 6 987 1296
