6 5 3 2457 2685 7307 4 3 5 6200 7776
6 5 3 5683 6747 7373 9 9 8 2900 7776
6 5 3 2802 3880 4793 5 8 9 142 7776
6 5 3 1082 5130 6611 3 3 6 4541 7776
6 5 3 2903 4036 6971 8 9 9 6568 7776
6 5 3 1226 4766 5002 9 10 5 243 7776
6 5 3 2010 4630 7017 3 4 6 1552 7776
6 5 3 4131 4155 4162 2 2 5 914 7776
6 5 3 1380 1897 2788 6 4 5 161 7776
6 5 3 2782 6398 7060 6 7 10 1094 7776
6 5 3 373 6508 7447 6 6 6 6476 7776
6 5 3 887 1089 3584 5 3 7 464 7776
6 5 3 485 3401 3873 6 5 6 1931 7776
6 5 3 1075 2905 3639 2 4 3 1781 7776
6 5 3 611 2950 3359 9 10 3 195 7776
6 5 3 219 2604 5784 10 3 3 1504 7776
6 5 3 2036 4801 6909 3 4 5 5910 7776
6 5 3 839 2252 7033 3 8 4 11 7776
6 5 3 508 1097 6230 3 6 10 4018 7776
6 5 3 162 1435 6438 3 2 5 4681 7776
