2 5000 1 1 0 5000 2 1 0
2 12500 2 1 0 12500 2 1 0
2 10000 2 1 0 10000 2 1 0
2 5000 1 1 0 5000 2 1 0
2 12500 2 1 0 12500 2 1 0
2 10000 2 1 0 10000 2 1 0
2 12500 2 1 0 12500 2 1 0
2 10000 2 1 0 10000 2 1 0
2 10000 2 1 0 10000 2 1 0
2 12500 2 1 0 12500 2 1 0
2 5000 1 1 0 5000 2 1 0
2 5000 1 1 0 5000 2 1 0
2 12500 2 1 0 12500 2 1 0
2 7500 1 1 0 7500 1 1 0
2 10000 2 1 0 10000 2 1 0
2 12500 2 1 0 12500 2 1 0
2 5000 1 1 0 5000 2 1 0
2 10000 2 1 0 10000 2 1 0
2 2500 1 1 0 2500 1 1 0
2 2500 1 1 0 2500 1 1 0
