2 5925 1 3 2 5925 1 3 2
2 10370 2 1 0 10370 2 1 0
3 15555 3 1 0 15555 3 1 0
2 11850 2 1 0 11850 2 1 0
3 3332 2 1 0 3332 2 1 0
2 14443 3 3 2 14443 3 3 2
2 7406 2 2 1 7406 2 2 1
3 4444 1 1 0 4444 1 1 0
2 8518 2 2 1 8518 2 2 1
3 11110 2 1 0 11110 2 1 0
2 7036 3 2 1 7036 3 2 1
2 10369 2 1 0 10369 2 1 0
3 25555 3 1 0 25555 3 1 0
2 6665 2 1 0 6665 2 1 0
2 7036 3 3 2 7036 3 3 2
2 17775 3 3 2 17775 3 3 2
2 1481 1 1 0 1481 1 1 0
2 10369 2 1 0 10369 2 1 0
2 7407 2 1 0 7407 2 1 0
2 11851 2 1 0 11851 2 1 0
