3 8437 3 3 4 8437 3 3 4
2 17186 3 2 1 17186 3 2 1
2 9218 3 2 1 9218 3 2 1
3 1406 1 2 2 1406 1 2 2
3 15936 2 1 0 15936 2 1 0
2 9062 2 2 1 9062 2 2 1
3 33903 7 3 4 33903 7 3 4
3 6561 3 1 0 6561 3 1 0
4 9218 4 2 3 9218 4 2 3
2 11093 2 2 1 11093 2 2 1
2 10625 2 2 1 10625 2 2 1
2 6874 2 1 0 6874 2 1 0
2 24685 5 4 3 24685 5 4 3
3 17187 2 3 4 16873 3 3 3
3 7031 4 2 2 7031 4 2 2
4 2499 2 2 3 2499 2 2 3
4 54059 10 3 6 54059 10 3 6
3 22968 3 1 0 22968 3 1 0
3 19217 3 1 0 19217 3 1 0
3 11717 3 2 2 7499 2 2 1
