2 10273 3 4 3 10273 3 4 3
2 25349 5 6 5 25349 5 6 5
4 7499 2 1 0 7499 2 1 0
Unsat for hRASS
2 17030 4 6 5 17030 4 6 5
4 30780 8 5 12 21210 7 5 9
2 15389 3 4 3 15389 3 4 3
Unsat for hRASS
2 7733 3 3 2 7733 3 3 2
4 51285 10 4 9 43473 9 4 8
3 32341 5 3 4 30348 5 3 2
2 3320 2 2 1 3320 2 2 1
4 49294 6 3 6 40740 5 3 5
4 77143 13 4 9 70660 11 4 7
3 43318 6 3 4 43318 6 3 4
4 29529 7 5 12 13163 4 5 8
3 5273 1 2 2 5273 1 2 2
3 14764 2 3 4 14764 2 3 4
4 61677 10 5 12 61677 10 5 12
3 29802 5 5 8 29802 5 5 6
