4 72577 11 6 15 46679 7 5 9
4 42231 9 4 9 42231 9 4 9
4 81982 14 7 18 57815 10 7 12
4 14720 8 5 12 9117 5 5 11
4 45853 8 4 9 40385 7 4 8
3 3310 5 3 4 2607 4 3 3
Unsat for hRASS
3 35821 10 5 8 25424 6 5 5
3 83780 10 5 8 74611 9 5 7
3 50007 9 7 12 26922 5 7 8
4 77581 14 7 18 52740 9 7 13
4 66872 12 6 15 43807 9 5 10
Unsat for hRASS
Unsat for hRASS
4 103740 17 9 24 92043 15 9 19
4 129987 17 8 21 99519 13 8 17
3 4624 10 6 10 3756 8 6 9
2 2851 2 3 2 2851 2 3 2
3 29020 4 3 4 inf 0 0 0
2 10487 3 3 2 10487 3 3 2
